p cnf 450 7962 
1 0
2 0
3 0
4 0
5 0
6 0
7 0
8 0
9 0
10 0
11 0
12 0
13 0
14 0
15 0
16 0
17 0
18 0
19 0
20 0
21 0
22 23 24 25 0
-22 -23 0
-22 -24 0
-22 -25 0
-23 -24 0
-23 -25 0
-24 -25 0
26 27 28 29 0
-26 -27 0
-26 -28 0
-26 -29 0
-27 -28 0
-27 -29 0
-28 -29 0
30 0
31 0
32 33 34 35 36 37 38 39 40 41 42 43 0
-32 -33 0
-32 -34 0
-32 -35 0
-32 -36 0
-32 -37 0
-32 -38 0
-32 -39 0
-32 -40 0
-32 -41 0
-32 -42 0
-32 -43 0
-33 -34 0
-33 -35 0
-33 -36 0
-33 -37 0
-33 -38 0
-33 -39 0
-33 -40 0
-33 -41 0
-33 -42 0
-33 -43 0
-34 -35 0
-34 -36 0
-34 -37 0
-34 -38 0
-34 -39 0
-34 -40 0
-34 -41 0
-34 -42 0
-34 -43 0
-35 -36 0
-35 -37 0
-35 -38 0
-35 -39 0
-35 -40 0
-35 -41 0
-35 -42 0
-35 -43 0
-36 -37 0
-36 -38 0
-36 -39 0
-36 -40 0
-36 -41 0
-36 -42 0
-36 -43 0
-37 -38 0
-37 -39 0
-37 -40 0
-37 -41 0
-37 -42 0
-37 -43 0
-38 -39 0
-38 -40 0
-38 -41 0
-38 -42 0
-38 -43 0
-39 -40 0
-39 -41 0
-39 -42 0
-39 -43 0
-40 -41 0
-40 -42 0
-40 -43 0
-41 -42 0
-41 -43 0
-42 -43 0
44 45 46 47 48 49 50 51 52 53 54 55 0
-44 -45 0
-44 -46 0
-44 -47 0
-44 -48 0
-44 -49 0
-44 -50 0
-44 -51 0
-44 -52 0
-44 -53 0
-44 -54 0
-44 -55 0
-45 -46 0
-45 -47 0
-45 -48 0
-45 -49 0
-45 -50 0
-45 -51 0
-45 -52 0
-45 -53 0
-45 -54 0
-45 -55 0
-46 -47 0
-46 -48 0
-46 -49 0
-46 -50 0
-46 -51 0
-46 -52 0
-46 -53 0
-46 -54 0
-46 -55 0
-47 -48 0
-47 -49 0
-47 -50 0
-47 -51 0
-47 -52 0
-47 -53 0
-47 -54 0
-47 -55 0
-48 -49 0
-48 -50 0
-48 -51 0
-48 -52 0
-48 -53 0
-48 -54 0
-48 -55 0
-49 -50 0
-49 -51 0
-49 -52 0
-49 -53 0
-49 -54 0
-49 -55 0
-50 -51 0
-50 -52 0
-50 -53 0
-50 -54 0
-50 -55 0
-51 -52 0
-51 -53 0
-51 -54 0
-51 -55 0
-52 -53 0
-52 -54 0
-52 -55 0
-53 -54 0
-53 -55 0
-54 -55 0
56 57 58 59 60 61 62 63 64 65 66 67 0
-56 -57 0
-56 -58 0
-56 -59 0
-56 -60 0
-56 -61 0
-56 -62 0
-56 -63 0
-56 -64 0
-56 -65 0
-56 -66 0
-56 -67 0
-57 -58 0
-57 -59 0
-57 -60 0
-57 -61 0
-57 -62 0
-57 -63 0
-57 -64 0
-57 -65 0
-57 -66 0
-57 -67 0
-58 -59 0
-58 -60 0
-58 -61 0
-58 -62 0
-58 -63 0
-58 -64 0
-58 -65 0
-58 -66 0
-58 -67 0
-59 -60 0
-59 -61 0
-59 -62 0
-59 -63 0
-59 -64 0
-59 -65 0
-59 -66 0
-59 -67 0
-60 -61 0
-60 -62 0
-60 -63 0
-60 -64 0
-60 -65 0
-60 -66 0
-60 -67 0
-61 -62 0
-61 -63 0
-61 -64 0
-61 -65 0
-61 -66 0
-61 -67 0
-62 -63 0
-62 -64 0
-62 -65 0
-62 -66 0
-62 -67 0
-63 -64 0
-63 -65 0
-63 -66 0
-63 -67 0
-64 -65 0
-64 -66 0
-64 -67 0
-65 -66 0
-65 -67 0
-66 -67 0
68 69 70 71 72 73 74 75 76 77 78 79 80 81 82 83 84 85 86 87 88 89 90 91 92 0
-68 -69 0
-68 -70 0
-68 -71 0
-68 -72 0
-68 -73 0
-68 -74 0
-68 -75 0
-68 -76 0
-68 -77 0
-68 -78 0
-68 -79 0
-68 -80 0
-68 -81 0
-68 -82 0
-68 -83 0
-68 -84 0
-68 -85 0
-68 -86 0
-68 -87 0
-68 -88 0
-68 -89 0
-68 -90 0
-68 -91 0
-68 -92 0
-69 -70 0
-69 -71 0
-69 -72 0
-69 -73 0
-69 -74 0
-69 -75 0
-69 -76 0
-69 -77 0
-69 -78 0
-69 -79 0
-69 -80 0
-69 -81 0
-69 -82 0
-69 -83 0
-69 -84 0
-69 -85 0
-69 -86 0
-69 -87 0
-69 -88 0
-69 -89 0
-69 -90 0
-69 -91 0
-69 -92 0
-70 -71 0
-70 -72 0
-70 -73 0
-70 -74 0
-70 -75 0
-70 -76 0
-70 -77 0
-70 -78 0
-70 -79 0
-70 -80 0
-70 -81 0
-70 -82 0
-70 -83 0
-70 -84 0
-70 -85 0
-70 -86 0
-70 -87 0
-70 -88 0
-70 -89 0
-70 -90 0
-70 -91 0
-70 -92 0
-71 -72 0
-71 -73 0
-71 -74 0
-71 -75 0
-71 -76 0
-71 -77 0
-71 -78 0
-71 -79 0
-71 -80 0
-71 -81 0
-71 -82 0
-71 -83 0
-71 -84 0
-71 -85 0
-71 -86 0
-71 -87 0
-71 -88 0
-71 -89 0
-71 -90 0
-71 -91 0
-71 -92 0
-72 -73 0
-72 -74 0
-72 -75 0
-72 -76 0
-72 -77 0
-72 -78 0
-72 -79 0
-72 -80 0
-72 -81 0
-72 -82 0
-72 -83 0
-72 -84 0
-72 -85 0
-72 -86 0
-72 -87 0
-72 -88 0
-72 -89 0
-72 -90 0
-72 -91 0
-72 -92 0
-73 -74 0
-73 -75 0
-73 -76 0
-73 -77 0
-73 -78 0
-73 -79 0
-73 -80 0
-73 -81 0
-73 -82 0
-73 -83 0
-73 -84 0
-73 -85 0
-73 -86 0
-73 -87 0
-73 -88 0
-73 -89 0
-73 -90 0
-73 -91 0
-73 -92 0
-74 -75 0
-74 -76 0
-74 -77 0
-74 -78 0
-74 -79 0
-74 -80 0
-74 -81 0
-74 -82 0
-74 -83 0
-74 -84 0
-74 -85 0
-74 -86 0
-74 -87 0
-74 -88 0
-74 -89 0
-74 -90 0
-74 -91 0
-74 -92 0
-75 -76 0
-75 -77 0
-75 -78 0
-75 -79 0
-75 -80 0
-75 -81 0
-75 -82 0
-75 -83 0
-75 -84 0
-75 -85 0
-75 -86 0
-75 -87 0
-75 -88 0
-75 -89 0
-75 -90 0
-75 -91 0
-75 -92 0
-76 -77 0
-76 -78 0
-76 -79 0
-76 -80 0
-76 -81 0
-76 -82 0
-76 -83 0
-76 -84 0
-76 -85 0
-76 -86 0
-76 -87 0
-76 -88 0
-76 -89 0
-76 -90 0
-76 -91 0
-76 -92 0
-77 -78 0
-77 -79 0
-77 -80 0
-77 -81 0
-77 -82 0
-77 -83 0
-77 -84 0
-77 -85 0
-77 -86 0
-77 -87 0
-77 -88 0
-77 -89 0
-77 -90 0
-77 -91 0
-77 -92 0
-78 -79 0
-78 -80 0
-78 -81 0
-78 -82 0
-78 -83 0
-78 -84 0
-78 -85 0
-78 -86 0
-78 -87 0
-78 -88 0
-78 -89 0
-78 -90 0
-78 -91 0
-78 -92 0
-79 -80 0
-79 -81 0
-79 -82 0
-79 -83 0
-79 -84 0
-79 -85 0
-79 -86 0
-79 -87 0
-79 -88 0
-79 -89 0
-79 -90 0
-79 -91 0
-79 -92 0
-80 -81 0
-80 -82 0
-80 -83 0
-80 -84 0
-80 -85 0
-80 -86 0
-80 -87 0
-80 -88 0
-80 -89 0
-80 -90 0
-80 -91 0
-80 -92 0
-81 -82 0
-81 -83 0
-81 -84 0
-81 -85 0
-81 -86 0
-81 -87 0
-81 -88 0
-81 -89 0
-81 -90 0
-81 -91 0
-81 -92 0
-82 -83 0
-82 -84 0
-82 -85 0
-82 -86 0
-82 -87 0
-82 -88 0
-82 -89 0
-82 -90 0
-82 -91 0
-82 -92 0
-83 -84 0
-83 -85 0
-83 -86 0
-83 -87 0
-83 -88 0
-83 -89 0
-83 -90 0
-83 -91 0
-83 -92 0
-84 -85 0
-84 -86 0
-84 -87 0
-84 -88 0
-84 -89 0
-84 -90 0
-84 -91 0
-84 -92 0
-85 -86 0
-85 -87 0
-85 -88 0
-85 -89 0
-85 -90 0
-85 -91 0
-85 -92 0
-86 -87 0
-86 -88 0
-86 -89 0
-86 -90 0
-86 -91 0
-86 -92 0
-87 -88 0
-87 -89 0
-87 -90 0
-87 -91 0
-87 -92 0
-88 -89 0
-88 -90 0
-88 -91 0
-88 -92 0
-89 -90 0
-89 -91 0
-89 -92 0
-90 -91 0
-90 -92 0
-91 -92 0
93 94 95 96 97 98 99 100 101 102 103 104 105 106 107 108 109 110 111 112 113 114 115 116 117 0
-93 -94 0
-93 -95 0
-93 -96 0
-93 -97 0
-93 -98 0
-93 -99 0
-93 -100 0
-93 -101 0
-93 -102 0
-93 -103 0
-93 -104 0
-93 -105 0
-93 -106 0
-93 -107 0
-93 -108 0
-93 -109 0
-93 -110 0
-93 -111 0
-93 -112 0
-93 -113 0
-93 -114 0
-93 -115 0
-93 -116 0
-93 -117 0
-94 -95 0
-94 -96 0
-94 -97 0
-94 -98 0
-94 -99 0
-94 -100 0
-94 -101 0
-94 -102 0
-94 -103 0
-94 -104 0
-94 -105 0
-94 -106 0
-94 -107 0
-94 -108 0
-94 -109 0
-94 -110 0
-94 -111 0
-94 -112 0
-94 -113 0
-94 -114 0
-94 -115 0
-94 -116 0
-94 -117 0
-95 -96 0
-95 -97 0
-95 -98 0
-95 -99 0
-95 -100 0
-95 -101 0
-95 -102 0
-95 -103 0
-95 -104 0
-95 -105 0
-95 -106 0
-95 -107 0
-95 -108 0
-95 -109 0
-95 -110 0
-95 -111 0
-95 -112 0
-95 -113 0
-95 -114 0
-95 -115 0
-95 -116 0
-95 -117 0
-96 -97 0
-96 -98 0
-96 -99 0
-96 -100 0
-96 -101 0
-96 -102 0
-96 -103 0
-96 -104 0
-96 -105 0
-96 -106 0
-96 -107 0
-96 -108 0
-96 -109 0
-96 -110 0
-96 -111 0
-96 -112 0
-96 -113 0
-96 -114 0
-96 -115 0
-96 -116 0
-96 -117 0
-97 -98 0
-97 -99 0
-97 -100 0
-97 -101 0
-97 -102 0
-97 -103 0
-97 -104 0
-97 -105 0
-97 -106 0
-97 -107 0
-97 -108 0
-97 -109 0
-97 -110 0
-97 -111 0
-97 -112 0
-97 -113 0
-97 -114 0
-97 -115 0
-97 -116 0
-97 -117 0
-98 -99 0
-98 -100 0
-98 -101 0
-98 -102 0
-98 -103 0
-98 -104 0
-98 -105 0
-98 -106 0
-98 -107 0
-98 -108 0
-98 -109 0
-98 -110 0
-98 -111 0
-98 -112 0
-98 -113 0
-98 -114 0
-98 -115 0
-98 -116 0
-98 -117 0
-99 -100 0
-99 -101 0
-99 -102 0
-99 -103 0
-99 -104 0
-99 -105 0
-99 -106 0
-99 -107 0
-99 -108 0
-99 -109 0
-99 -110 0
-99 -111 0
-99 -112 0
-99 -113 0
-99 -114 0
-99 -115 0
-99 -116 0
-99 -117 0
-100 -101 0
-100 -102 0
-100 -103 0
-100 -104 0
-100 -105 0
-100 -106 0
-100 -107 0
-100 -108 0
-100 -109 0
-100 -110 0
-100 -111 0
-100 -112 0
-100 -113 0
-100 -114 0
-100 -115 0
-100 -116 0
-100 -117 0
-101 -102 0
-101 -103 0
-101 -104 0
-101 -105 0
-101 -106 0
-101 -107 0
-101 -108 0
-101 -109 0
-101 -110 0
-101 -111 0
-101 -112 0
-101 -113 0
-101 -114 0
-101 -115 0
-101 -116 0
-101 -117 0
-102 -103 0
-102 -104 0
-102 -105 0
-102 -106 0
-102 -107 0
-102 -108 0
-102 -109 0
-102 -110 0
-102 -111 0
-102 -112 0
-102 -113 0
-102 -114 0
-102 -115 0
-102 -116 0
-102 -117 0
-103 -104 0
-103 -105 0
-103 -106 0
-103 -107 0
-103 -108 0
-103 -109 0
-103 -110 0
-103 -111 0
-103 -112 0
-103 -113 0
-103 -114 0
-103 -115 0
-103 -116 0
-103 -117 0
-104 -105 0
-104 -106 0
-104 -107 0
-104 -108 0
-104 -109 0
-104 -110 0
-104 -111 0
-104 -112 0
-104 -113 0
-104 -114 0
-104 -115 0
-104 -116 0
-104 -117 0
-105 -106 0
-105 -107 0
-105 -108 0
-105 -109 0
-105 -110 0
-105 -111 0
-105 -112 0
-105 -113 0
-105 -114 0
-105 -115 0
-105 -116 0
-105 -117 0
-106 -107 0
-106 -108 0
-106 -109 0
-106 -110 0
-106 -111 0
-106 -112 0
-106 -113 0
-106 -114 0
-106 -115 0
-106 -116 0
-106 -117 0
-107 -108 0
-107 -109 0
-107 -110 0
-107 -111 0
-107 -112 0
-107 -113 0
-107 -114 0
-107 -115 0
-107 -116 0
-107 -117 0
-108 -109 0
-108 -110 0
-108 -111 0
-108 -112 0
-108 -113 0
-108 -114 0
-108 -115 0
-108 -116 0
-108 -117 0
-109 -110 0
-109 -111 0
-109 -112 0
-109 -113 0
-109 -114 0
-109 -115 0
-109 -116 0
-109 -117 0
-110 -111 0
-110 -112 0
-110 -113 0
-110 -114 0
-110 -115 0
-110 -116 0
-110 -117 0
-111 -112 0
-111 -113 0
-111 -114 0
-111 -115 0
-111 -116 0
-111 -117 0
-112 -113 0
-112 -114 0
-112 -115 0
-112 -116 0
-112 -117 0
-113 -114 0
-113 -115 0
-113 -116 0
-113 -117 0
-114 -115 0
-114 -116 0
-114 -117 0
-115 -116 0
-115 -117 0
-116 -117 0
118 119 120 121 122 123 124 125 126 127 128 129 130 131 132 133 134 135 136 137 138 139 140 141 142 0
-118 -119 0
-118 -120 0
-118 -121 0
-118 -122 0
-118 -123 0
-118 -124 0
-118 -125 0
-118 -126 0
-118 -127 0
-118 -128 0
-118 -129 0
-118 -130 0
-118 -131 0
-118 -132 0
-118 -133 0
-118 -134 0
-118 -135 0
-118 -136 0
-118 -137 0
-118 -138 0
-118 -139 0
-118 -140 0
-118 -141 0
-118 -142 0
-119 -120 0
-119 -121 0
-119 -122 0
-119 -123 0
-119 -124 0
-119 -125 0
-119 -126 0
-119 -127 0
-119 -128 0
-119 -129 0
-119 -130 0
-119 -131 0
-119 -132 0
-119 -133 0
-119 -134 0
-119 -135 0
-119 -136 0
-119 -137 0
-119 -138 0
-119 -139 0
-119 -140 0
-119 -141 0
-119 -142 0
-120 -121 0
-120 -122 0
-120 -123 0
-120 -124 0
-120 -125 0
-120 -126 0
-120 -127 0
-120 -128 0
-120 -129 0
-120 -130 0
-120 -131 0
-120 -132 0
-120 -133 0
-120 -134 0
-120 -135 0
-120 -136 0
-120 -137 0
-120 -138 0
-120 -139 0
-120 -140 0
-120 -141 0
-120 -142 0
-121 -122 0
-121 -123 0
-121 -124 0
-121 -125 0
-121 -126 0
-121 -127 0
-121 -128 0
-121 -129 0
-121 -130 0
-121 -131 0
-121 -132 0
-121 -133 0
-121 -134 0
-121 -135 0
-121 -136 0
-121 -137 0
-121 -138 0
-121 -139 0
-121 -140 0
-121 -141 0
-121 -142 0
-122 -123 0
-122 -124 0
-122 -125 0
-122 -126 0
-122 -127 0
-122 -128 0
-122 -129 0
-122 -130 0
-122 -131 0
-122 -132 0
-122 -133 0
-122 -134 0
-122 -135 0
-122 -136 0
-122 -137 0
-122 -138 0
-122 -139 0
-122 -140 0
-122 -141 0
-122 -142 0
-123 -124 0
-123 -125 0
-123 -126 0
-123 -127 0
-123 -128 0
-123 -129 0
-123 -130 0
-123 -131 0
-123 -132 0
-123 -133 0
-123 -134 0
-123 -135 0
-123 -136 0
-123 -137 0
-123 -138 0
-123 -139 0
-123 -140 0
-123 -141 0
-123 -142 0
-124 -125 0
-124 -126 0
-124 -127 0
-124 -128 0
-124 -129 0
-124 -130 0
-124 -131 0
-124 -132 0
-124 -133 0
-124 -134 0
-124 -135 0
-124 -136 0
-124 -137 0
-124 -138 0
-124 -139 0
-124 -140 0
-124 -141 0
-124 -142 0
-125 -126 0
-125 -127 0
-125 -128 0
-125 -129 0
-125 -130 0
-125 -131 0
-125 -132 0
-125 -133 0
-125 -134 0
-125 -135 0
-125 -136 0
-125 -137 0
-125 -138 0
-125 -139 0
-125 -140 0
-125 -141 0
-125 -142 0
-126 -127 0
-126 -128 0
-126 -129 0
-126 -130 0
-126 -131 0
-126 -132 0
-126 -133 0
-126 -134 0
-126 -135 0
-126 -136 0
-126 -137 0
-126 -138 0
-126 -139 0
-126 -140 0
-126 -141 0
-126 -142 0
-127 -128 0
-127 -129 0
-127 -130 0
-127 -131 0
-127 -132 0
-127 -133 0
-127 -134 0
-127 -135 0
-127 -136 0
-127 -137 0
-127 -138 0
-127 -139 0
-127 -140 0
-127 -141 0
-127 -142 0
-128 -129 0
-128 -130 0
-128 -131 0
-128 -132 0
-128 -133 0
-128 -134 0
-128 -135 0
-128 -136 0
-128 -137 0
-128 -138 0
-128 -139 0
-128 -140 0
-128 -141 0
-128 -142 0
-129 -130 0
-129 -131 0
-129 -132 0
-129 -133 0
-129 -134 0
-129 -135 0
-129 -136 0
-129 -137 0
-129 -138 0
-129 -139 0
-129 -140 0
-129 -141 0
-129 -142 0
-130 -131 0
-130 -132 0
-130 -133 0
-130 -134 0
-130 -135 0
-130 -136 0
-130 -137 0
-130 -138 0
-130 -139 0
-130 -140 0
-130 -141 0
-130 -142 0
-131 -132 0
-131 -133 0
-131 -134 0
-131 -135 0
-131 -136 0
-131 -137 0
-131 -138 0
-131 -139 0
-131 -140 0
-131 -141 0
-131 -142 0
-132 -133 0
-132 -134 0
-132 -135 0
-132 -136 0
-132 -137 0
-132 -138 0
-132 -139 0
-132 -140 0
-132 -141 0
-132 -142 0
-133 -134 0
-133 -135 0
-133 -136 0
-133 -137 0
-133 -138 0
-133 -139 0
-133 -140 0
-133 -141 0
-133 -142 0
-134 -135 0
-134 -136 0
-134 -137 0
-134 -138 0
-134 -139 0
-134 -140 0
-134 -141 0
-134 -142 0
-135 -136 0
-135 -137 0
-135 -138 0
-135 -139 0
-135 -140 0
-135 -141 0
-135 -142 0
-136 -137 0
-136 -138 0
-136 -139 0
-136 -140 0
-136 -141 0
-136 -142 0
-137 -138 0
-137 -139 0
-137 -140 0
-137 -141 0
-137 -142 0
-138 -139 0
-138 -140 0
-138 -141 0
-138 -142 0
-139 -140 0
-139 -141 0
-139 -142 0
-140 -141 0
-140 -142 0
-141 -142 0
143 144 145 146 147 148 149 150 151 152 153 154 155 156 157 158 159 160 161 162 163 164 165 166 167 0
-143 -144 0
-143 -145 0
-143 -146 0
-143 -147 0
-143 -148 0
-143 -149 0
-143 -150 0
-143 -151 0
-143 -152 0
-143 -153 0
-143 -154 0
-143 -155 0
-143 -156 0
-143 -157 0
-143 -158 0
-143 -159 0
-143 -160 0
-143 -161 0
-143 -162 0
-143 -163 0
-143 -164 0
-143 -165 0
-143 -166 0
-143 -167 0
-144 -145 0
-144 -146 0
-144 -147 0
-144 -148 0
-144 -149 0
-144 -150 0
-144 -151 0
-144 -152 0
-144 -153 0
-144 -154 0
-144 -155 0
-144 -156 0
-144 -157 0
-144 -158 0
-144 -159 0
-144 -160 0
-144 -161 0
-144 -162 0
-144 -163 0
-144 -164 0
-144 -165 0
-144 -166 0
-144 -167 0
-145 -146 0
-145 -147 0
-145 -148 0
-145 -149 0
-145 -150 0
-145 -151 0
-145 -152 0
-145 -153 0
-145 -154 0
-145 -155 0
-145 -156 0
-145 -157 0
-145 -158 0
-145 -159 0
-145 -160 0
-145 -161 0
-145 -162 0
-145 -163 0
-145 -164 0
-145 -165 0
-145 -166 0
-145 -167 0
-146 -147 0
-146 -148 0
-146 -149 0
-146 -150 0
-146 -151 0
-146 -152 0
-146 -153 0
-146 -154 0
-146 -155 0
-146 -156 0
-146 -157 0
-146 -158 0
-146 -159 0
-146 -160 0
-146 -161 0
-146 -162 0
-146 -163 0
-146 -164 0
-146 -165 0
-146 -166 0
-146 -167 0
-147 -148 0
-147 -149 0
-147 -150 0
-147 -151 0
-147 -152 0
-147 -153 0
-147 -154 0
-147 -155 0
-147 -156 0
-147 -157 0
-147 -158 0
-147 -159 0
-147 -160 0
-147 -161 0
-147 -162 0
-147 -163 0
-147 -164 0
-147 -165 0
-147 -166 0
-147 -167 0
-148 -149 0
-148 -150 0
-148 -151 0
-148 -152 0
-148 -153 0
-148 -154 0
-148 -155 0
-148 -156 0
-148 -157 0
-148 -158 0
-148 -159 0
-148 -160 0
-148 -161 0
-148 -162 0
-148 -163 0
-148 -164 0
-148 -165 0
-148 -166 0
-148 -167 0
-149 -150 0
-149 -151 0
-149 -152 0
-149 -153 0
-149 -154 0
-149 -155 0
-149 -156 0
-149 -157 0
-149 -158 0
-149 -159 0
-149 -160 0
-149 -161 0
-149 -162 0
-149 -163 0
-149 -164 0
-149 -165 0
-149 -166 0
-149 -167 0
-150 -151 0
-150 -152 0
-150 -153 0
-150 -154 0
-150 -155 0
-150 -156 0
-150 -157 0
-150 -158 0
-150 -159 0
-150 -160 0
-150 -161 0
-150 -162 0
-150 -163 0
-150 -164 0
-150 -165 0
-150 -166 0
-150 -167 0
-151 -152 0
-151 -153 0
-151 -154 0
-151 -155 0
-151 -156 0
-151 -157 0
-151 -158 0
-151 -159 0
-151 -160 0
-151 -161 0
-151 -162 0
-151 -163 0
-151 -164 0
-151 -165 0
-151 -166 0
-151 -167 0
-152 -153 0
-152 -154 0
-152 -155 0
-152 -156 0
-152 -157 0
-152 -158 0
-152 -159 0
-152 -160 0
-152 -161 0
-152 -162 0
-152 -163 0
-152 -164 0
-152 -165 0
-152 -166 0
-152 -167 0
-153 -154 0
-153 -155 0
-153 -156 0
-153 -157 0
-153 -158 0
-153 -159 0
-153 -160 0
-153 -161 0
-153 -162 0
-153 -163 0
-153 -164 0
-153 -165 0
-153 -166 0
-153 -167 0
-154 -155 0
-154 -156 0
-154 -157 0
-154 -158 0
-154 -159 0
-154 -160 0
-154 -161 0
-154 -162 0
-154 -163 0
-154 -164 0
-154 -165 0
-154 -166 0
-154 -167 0
-155 -156 0
-155 -157 0
-155 -158 0
-155 -159 0
-155 -160 0
-155 -161 0
-155 -162 0
-155 -163 0
-155 -164 0
-155 -165 0
-155 -166 0
-155 -167 0
-156 -157 0
-156 -158 0
-156 -159 0
-156 -160 0
-156 -161 0
-156 -162 0
-156 -163 0
-156 -164 0
-156 -165 0
-156 -166 0
-156 -167 0
-157 -158 0
-157 -159 0
-157 -160 0
-157 -161 0
-157 -162 0
-157 -163 0
-157 -164 0
-157 -165 0
-157 -166 0
-157 -167 0
-158 -159 0
-158 -160 0
-158 -161 0
-158 -162 0
-158 -163 0
-158 -164 0
-158 -165 0
-158 -166 0
-158 -167 0
-159 -160 0
-159 -161 0
-159 -162 0
-159 -163 0
-159 -164 0
-159 -165 0
-159 -166 0
-159 -167 0
-160 -161 0
-160 -162 0
-160 -163 0
-160 -164 0
-160 -165 0
-160 -166 0
-160 -167 0
-161 -162 0
-161 -163 0
-161 -164 0
-161 -165 0
-161 -166 0
-161 -167 0
-162 -163 0
-162 -164 0
-162 -165 0
-162 -166 0
-162 -167 0
-163 -164 0
-163 -165 0
-163 -166 0
-163 -167 0
-164 -165 0
-164 -166 0
-164 -167 0
-165 -166 0
-165 -167 0
-166 -167 0
168 169 170 171 172 173 174 175 176 177 178 179 180 181 182 183 184 185 186 187 188 189 190 191 192 0
-168 -169 0
-168 -170 0
-168 -171 0
-168 -172 0
-168 -173 0
-168 -174 0
-168 -175 0
-168 -176 0
-168 -177 0
-168 -178 0
-168 -179 0
-168 -180 0
-168 -181 0
-168 -182 0
-168 -183 0
-168 -184 0
-168 -185 0
-168 -186 0
-168 -187 0
-168 -188 0
-168 -189 0
-168 -190 0
-168 -191 0
-168 -192 0
-169 -170 0
-169 -171 0
-169 -172 0
-169 -173 0
-169 -174 0
-169 -175 0
-169 -176 0
-169 -177 0
-169 -178 0
-169 -179 0
-169 -180 0
-169 -181 0
-169 -182 0
-169 -183 0
-169 -184 0
-169 -185 0
-169 -186 0
-169 -187 0
-169 -188 0
-169 -189 0
-169 -190 0
-169 -191 0
-169 -192 0
-170 -171 0
-170 -172 0
-170 -173 0
-170 -174 0
-170 -175 0
-170 -176 0
-170 -177 0
-170 -178 0
-170 -179 0
-170 -180 0
-170 -181 0
-170 -182 0
-170 -183 0
-170 -184 0
-170 -185 0
-170 -186 0
-170 -187 0
-170 -188 0
-170 -189 0
-170 -190 0
-170 -191 0
-170 -192 0
-171 -172 0
-171 -173 0
-171 -174 0
-171 -175 0
-171 -176 0
-171 -177 0
-171 -178 0
-171 -179 0
-171 -180 0
-171 -181 0
-171 -182 0
-171 -183 0
-171 -184 0
-171 -185 0
-171 -186 0
-171 -187 0
-171 -188 0
-171 -189 0
-171 -190 0
-171 -191 0
-171 -192 0
-172 -173 0
-172 -174 0
-172 -175 0
-172 -176 0
-172 -177 0
-172 -178 0
-172 -179 0
-172 -180 0
-172 -181 0
-172 -182 0
-172 -183 0
-172 -184 0
-172 -185 0
-172 -186 0
-172 -187 0
-172 -188 0
-172 -189 0
-172 -190 0
-172 -191 0
-172 -192 0
-173 -174 0
-173 -175 0
-173 -176 0
-173 -177 0
-173 -178 0
-173 -179 0
-173 -180 0
-173 -181 0
-173 -182 0
-173 -183 0
-173 -184 0
-173 -185 0
-173 -186 0
-173 -187 0
-173 -188 0
-173 -189 0
-173 -190 0
-173 -191 0
-173 -192 0
-174 -175 0
-174 -176 0
-174 -177 0
-174 -178 0
-174 -179 0
-174 -180 0
-174 -181 0
-174 -182 0
-174 -183 0
-174 -184 0
-174 -185 0
-174 -186 0
-174 -187 0
-174 -188 0
-174 -189 0
-174 -190 0
-174 -191 0
-174 -192 0
-175 -176 0
-175 -177 0
-175 -178 0
-175 -179 0
-175 -180 0
-175 -181 0
-175 -182 0
-175 -183 0
-175 -184 0
-175 -185 0
-175 -186 0
-175 -187 0
-175 -188 0
-175 -189 0
-175 -190 0
-175 -191 0
-175 -192 0
-176 -177 0
-176 -178 0
-176 -179 0
-176 -180 0
-176 -181 0
-176 -182 0
-176 -183 0
-176 -184 0
-176 -185 0
-176 -186 0
-176 -187 0
-176 -188 0
-176 -189 0
-176 -190 0
-176 -191 0
-176 -192 0
-177 -178 0
-177 -179 0
-177 -180 0
-177 -181 0
-177 -182 0
-177 -183 0
-177 -184 0
-177 -185 0
-177 -186 0
-177 -187 0
-177 -188 0
-177 -189 0
-177 -190 0
-177 -191 0
-177 -192 0
-178 -179 0
-178 -180 0
-178 -181 0
-178 -182 0
-178 -183 0
-178 -184 0
-178 -185 0
-178 -186 0
-178 -187 0
-178 -188 0
-178 -189 0
-178 -190 0
-178 -191 0
-178 -192 0
-179 -180 0
-179 -181 0
-179 -182 0
-179 -183 0
-179 -184 0
-179 -185 0
-179 -186 0
-179 -187 0
-179 -188 0
-179 -189 0
-179 -190 0
-179 -191 0
-179 -192 0
-180 -181 0
-180 -182 0
-180 -183 0
-180 -184 0
-180 -185 0
-180 -186 0
-180 -187 0
-180 -188 0
-180 -189 0
-180 -190 0
-180 -191 0
-180 -192 0
-181 -182 0
-181 -183 0
-181 -184 0
-181 -185 0
-181 -186 0
-181 -187 0
-181 -188 0
-181 -189 0
-181 -190 0
-181 -191 0
-181 -192 0
-182 -183 0
-182 -184 0
-182 -185 0
-182 -186 0
-182 -187 0
-182 -188 0
-182 -189 0
-182 -190 0
-182 -191 0
-182 -192 0
-183 -184 0
-183 -185 0
-183 -186 0
-183 -187 0
-183 -188 0
-183 -189 0
-183 -190 0
-183 -191 0
-183 -192 0
-184 -185 0
-184 -186 0
-184 -187 0
-184 -188 0
-184 -189 0
-184 -190 0
-184 -191 0
-184 -192 0
-185 -186 0
-185 -187 0
-185 -188 0
-185 -189 0
-185 -190 0
-185 -191 0
-185 -192 0
-186 -187 0
-186 -188 0
-186 -189 0
-186 -190 0
-186 -191 0
-186 -192 0
-187 -188 0
-187 -189 0
-187 -190 0
-187 -191 0
-187 -192 0
-188 -189 0
-188 -190 0
-188 -191 0
-188 -192 0
-189 -190 0
-189 -191 0
-189 -192 0
-190 -191 0
-190 -192 0
-191 -192 0
193 194 195 196 197 198 199 200 201 202 203 204 205 206 207 208 209 210 211 212 213 214 215 216 217 0
-193 -194 0
-193 -195 0
-193 -196 0
-193 -197 0
-193 -198 0
-193 -199 0
-193 -200 0
-193 -201 0
-193 -202 0
-193 -203 0
-193 -204 0
-193 -205 0
-193 -206 0
-193 -207 0
-193 -208 0
-193 -209 0
-193 -210 0
-193 -211 0
-193 -212 0
-193 -213 0
-193 -214 0
-193 -215 0
-193 -216 0
-193 -217 0
-194 -195 0
-194 -196 0
-194 -197 0
-194 -198 0
-194 -199 0
-194 -200 0
-194 -201 0
-194 -202 0
-194 -203 0
-194 -204 0
-194 -205 0
-194 -206 0
-194 -207 0
-194 -208 0
-194 -209 0
-194 -210 0
-194 -211 0
-194 -212 0
-194 -213 0
-194 -214 0
-194 -215 0
-194 -216 0
-194 -217 0
-195 -196 0
-195 -197 0
-195 -198 0
-195 -199 0
-195 -200 0
-195 -201 0
-195 -202 0
-195 -203 0
-195 -204 0
-195 -205 0
-195 -206 0
-195 -207 0
-195 -208 0
-195 -209 0
-195 -210 0
-195 -211 0
-195 -212 0
-195 -213 0
-195 -214 0
-195 -215 0
-195 -216 0
-195 -217 0
-196 -197 0
-196 -198 0
-196 -199 0
-196 -200 0
-196 -201 0
-196 -202 0
-196 -203 0
-196 -204 0
-196 -205 0
-196 -206 0
-196 -207 0
-196 -208 0
-196 -209 0
-196 -210 0
-196 -211 0
-196 -212 0
-196 -213 0
-196 -214 0
-196 -215 0
-196 -216 0
-196 -217 0
-197 -198 0
-197 -199 0
-197 -200 0
-197 -201 0
-197 -202 0
-197 -203 0
-197 -204 0
-197 -205 0
-197 -206 0
-197 -207 0
-197 -208 0
-197 -209 0
-197 -210 0
-197 -211 0
-197 -212 0
-197 -213 0
-197 -214 0
-197 -215 0
-197 -216 0
-197 -217 0
-198 -199 0
-198 -200 0
-198 -201 0
-198 -202 0
-198 -203 0
-198 -204 0
-198 -205 0
-198 -206 0
-198 -207 0
-198 -208 0
-198 -209 0
-198 -210 0
-198 -211 0
-198 -212 0
-198 -213 0
-198 -214 0
-198 -215 0
-198 -216 0
-198 -217 0
-199 -200 0
-199 -201 0
-199 -202 0
-199 -203 0
-199 -204 0
-199 -205 0
-199 -206 0
-199 -207 0
-199 -208 0
-199 -209 0
-199 -210 0
-199 -211 0
-199 -212 0
-199 -213 0
-199 -214 0
-199 -215 0
-199 -216 0
-199 -217 0
-200 -201 0
-200 -202 0
-200 -203 0
-200 -204 0
-200 -205 0
-200 -206 0
-200 -207 0
-200 -208 0
-200 -209 0
-200 -210 0
-200 -211 0
-200 -212 0
-200 -213 0
-200 -214 0
-200 -215 0
-200 -216 0
-200 -217 0
-201 -202 0
-201 -203 0
-201 -204 0
-201 -205 0
-201 -206 0
-201 -207 0
-201 -208 0
-201 -209 0
-201 -210 0
-201 -211 0
-201 -212 0
-201 -213 0
-201 -214 0
-201 -215 0
-201 -216 0
-201 -217 0
-202 -203 0
-202 -204 0
-202 -205 0
-202 -206 0
-202 -207 0
-202 -208 0
-202 -209 0
-202 -210 0
-202 -211 0
-202 -212 0
-202 -213 0
-202 -214 0
-202 -215 0
-202 -216 0
-202 -217 0
-203 -204 0
-203 -205 0
-203 -206 0
-203 -207 0
-203 -208 0
-203 -209 0
-203 -210 0
-203 -211 0
-203 -212 0
-203 -213 0
-203 -214 0
-203 -215 0
-203 -216 0
-203 -217 0
-204 -205 0
-204 -206 0
-204 -207 0
-204 -208 0
-204 -209 0
-204 -210 0
-204 -211 0
-204 -212 0
-204 -213 0
-204 -214 0
-204 -215 0
-204 -216 0
-204 -217 0
-205 -206 0
-205 -207 0
-205 -208 0
-205 -209 0
-205 -210 0
-205 -211 0
-205 -212 0
-205 -213 0
-205 -214 0
-205 -215 0
-205 -216 0
-205 -217 0
-206 -207 0
-206 -208 0
-206 -209 0
-206 -210 0
-206 -211 0
-206 -212 0
-206 -213 0
-206 -214 0
-206 -215 0
-206 -216 0
-206 -217 0
-207 -208 0
-207 -209 0
-207 -210 0
-207 -211 0
-207 -212 0
-207 -213 0
-207 -214 0
-207 -215 0
-207 -216 0
-207 -217 0
-208 -209 0
-208 -210 0
-208 -211 0
-208 -212 0
-208 -213 0
-208 -214 0
-208 -215 0
-208 -216 0
-208 -217 0
-209 -210 0
-209 -211 0
-209 -212 0
-209 -213 0
-209 -214 0
-209 -215 0
-209 -216 0
-209 -217 0
-210 -211 0
-210 -212 0
-210 -213 0
-210 -214 0
-210 -215 0
-210 -216 0
-210 -217 0
-211 -212 0
-211 -213 0
-211 -214 0
-211 -215 0
-211 -216 0
-211 -217 0
-212 -213 0
-212 -214 0
-212 -215 0
-212 -216 0
-212 -217 0
-213 -214 0
-213 -215 0
-213 -216 0
-213 -217 0
-214 -215 0
-214 -216 0
-214 -217 0
-215 -216 0
-215 -217 0
-216 -217 0
218 219 220 221 222 223 224 225 226 227 228 229 0
-218 -219 0
-218 -220 0
-218 -221 0
-218 -222 0
-218 -223 0
-218 -224 0
-218 -225 0
-218 -226 0
-218 -227 0
-218 -228 0
-218 -229 0
-219 -220 0
-219 -221 0
-219 -222 0
-219 -223 0
-219 -224 0
-219 -225 0
-219 -226 0
-219 -227 0
-219 -228 0
-219 -229 0
-220 -221 0
-220 -222 0
-220 -223 0
-220 -224 0
-220 -225 0
-220 -226 0
-220 -227 0
-220 -228 0
-220 -229 0
-221 -222 0
-221 -223 0
-221 -224 0
-221 -225 0
-221 -226 0
-221 -227 0
-221 -228 0
-221 -229 0
-222 -223 0
-222 -224 0
-222 -225 0
-222 -226 0
-222 -227 0
-222 -228 0
-222 -229 0
-223 -224 0
-223 -225 0
-223 -226 0
-223 -227 0
-223 -228 0
-223 -229 0
-224 -225 0
-224 -226 0
-224 -227 0
-224 -228 0
-224 -229 0
-225 -226 0
-225 -227 0
-225 -228 0
-225 -229 0
-226 -227 0
-226 -228 0
-226 -229 0
-227 -228 0
-227 -229 0
-228 -229 0
230 231 232 233 234 235 236 237 238 239 240 241 0
-230 -231 0
-230 -232 0
-230 -233 0
-230 -234 0
-230 -235 0
-230 -236 0
-230 -237 0
-230 -238 0
-230 -239 0
-230 -240 0
-230 -241 0
-231 -232 0
-231 -233 0
-231 -234 0
-231 -235 0
-231 -236 0
-231 -237 0
-231 -238 0
-231 -239 0
-231 -240 0
-231 -241 0
-232 -233 0
-232 -234 0
-232 -235 0
-232 -236 0
-232 -237 0
-232 -238 0
-232 -239 0
-232 -240 0
-232 -241 0
-233 -234 0
-233 -235 0
-233 -236 0
-233 -237 0
-233 -238 0
-233 -239 0
-233 -240 0
-233 -241 0
-234 -235 0
-234 -236 0
-234 -237 0
-234 -238 0
-234 -239 0
-234 -240 0
-234 -241 0
-235 -236 0
-235 -237 0
-235 -238 0
-235 -239 0
-235 -240 0
-235 -241 0
-236 -237 0
-236 -238 0
-236 -239 0
-236 -240 0
-236 -241 0
-237 -238 0
-237 -239 0
-237 -240 0
-237 -241 0
-238 -239 0
-238 -240 0
-238 -241 0
-239 -240 0
-239 -241 0
-240 -241 0
242 243 244 245 246 247 248 249 250 251 252 253 0
-242 -243 0
-242 -244 0
-242 -245 0
-242 -246 0
-242 -247 0
-242 -248 0
-242 -249 0
-242 -250 0
-242 -251 0
-242 -252 0
-242 -253 0
-243 -244 0
-243 -245 0
-243 -246 0
-243 -247 0
-243 -248 0
-243 -249 0
-243 -250 0
-243 -251 0
-243 -252 0
-243 -253 0
-244 -245 0
-244 -246 0
-244 -247 0
-244 -248 0
-244 -249 0
-244 -250 0
-244 -251 0
-244 -252 0
-244 -253 0
-245 -246 0
-245 -247 0
-245 -248 0
-245 -249 0
-245 -250 0
-245 -251 0
-245 -252 0
-245 -253 0
-246 -247 0
-246 -248 0
-246 -249 0
-246 -250 0
-246 -251 0
-246 -252 0
-246 -253 0
-247 -248 0
-247 -249 0
-247 -250 0
-247 -251 0
-247 -252 0
-247 -253 0
-248 -249 0
-248 -250 0
-248 -251 0
-248 -252 0
-248 -253 0
-249 -250 0
-249 -251 0
-249 -252 0
-249 -253 0
-250 -251 0
-250 -252 0
-250 -253 0
-251 -252 0
-251 -253 0
-252 -253 0
254 255 0
-254 -255 0
256 257 258 259 260 261 262 263 264 265 266 267 268 269 270 271 272 273 274 275 276 277 278 0
-256 -257 0
-256 -258 0
-256 -259 0
-256 -260 0
-256 -261 0
-256 -262 0
-256 -263 0
-256 -264 0
-256 -265 0
-256 -266 0
-256 -267 0
-256 -268 0
-256 -269 0
-256 -270 0
-256 -271 0
-256 -272 0
-256 -273 0
-256 -274 0
-256 -275 0
-256 -276 0
-256 -277 0
-256 -278 0
-257 -258 0
-257 -259 0
-257 -260 0
-257 -261 0
-257 -262 0
-257 -263 0
-257 -264 0
-257 -265 0
-257 -266 0
-257 -267 0
-257 -268 0
-257 -269 0
-257 -270 0
-257 -271 0
-257 -272 0
-257 -273 0
-257 -274 0
-257 -275 0
-257 -276 0
-257 -277 0
-257 -278 0
-258 -259 0
-258 -260 0
-258 -261 0
-258 -262 0
-258 -263 0
-258 -264 0
-258 -265 0
-258 -266 0
-258 -267 0
-258 -268 0
-258 -269 0
-258 -270 0
-258 -271 0
-258 -272 0
-258 -273 0
-258 -274 0
-258 -275 0
-258 -276 0
-258 -277 0
-258 -278 0
-259 -260 0
-259 -261 0
-259 -262 0
-259 -263 0
-259 -264 0
-259 -265 0
-259 -266 0
-259 -267 0
-259 -268 0
-259 -269 0
-259 -270 0
-259 -271 0
-259 -272 0
-259 -273 0
-259 -274 0
-259 -275 0
-259 -276 0
-259 -277 0
-259 -278 0
-260 -261 0
-260 -262 0
-260 -263 0
-260 -264 0
-260 -265 0
-260 -266 0
-260 -267 0
-260 -268 0
-260 -269 0
-260 -270 0
-260 -271 0
-260 -272 0
-260 -273 0
-260 -274 0
-260 -275 0
-260 -276 0
-260 -277 0
-260 -278 0
-261 -262 0
-261 -263 0
-261 -264 0
-261 -265 0
-261 -266 0
-261 -267 0
-261 -268 0
-261 -269 0
-261 -270 0
-261 -271 0
-261 -272 0
-261 -273 0
-261 -274 0
-261 -275 0
-261 -276 0
-261 -277 0
-261 -278 0
-262 -263 0
-262 -264 0
-262 -265 0
-262 -266 0
-262 -267 0
-262 -268 0
-262 -269 0
-262 -270 0
-262 -271 0
-262 -272 0
-262 -273 0
-262 -274 0
-262 -275 0
-262 -276 0
-262 -277 0
-262 -278 0
-263 -264 0
-263 -265 0
-263 -266 0
-263 -267 0
-263 -268 0
-263 -269 0
-263 -270 0
-263 -271 0
-263 -272 0
-263 -273 0
-263 -274 0
-263 -275 0
-263 -276 0
-263 -277 0
-263 -278 0
-264 -265 0
-264 -266 0
-264 -267 0
-264 -268 0
-264 -269 0
-264 -270 0
-264 -271 0
-264 -272 0
-264 -273 0
-264 -274 0
-264 -275 0
-264 -276 0
-264 -277 0
-264 -278 0
-265 -266 0
-265 -267 0
-265 -268 0
-265 -269 0
-265 -270 0
-265 -271 0
-265 -272 0
-265 -273 0
-265 -274 0
-265 -275 0
-265 -276 0
-265 -277 0
-265 -278 0
-266 -267 0
-266 -268 0
-266 -269 0
-266 -270 0
-266 -271 0
-266 -272 0
-266 -273 0
-266 -274 0
-266 -275 0
-266 -276 0
-266 -277 0
-266 -278 0
-267 -268 0
-267 -269 0
-267 -270 0
-267 -271 0
-267 -272 0
-267 -273 0
-267 -274 0
-267 -275 0
-267 -276 0
-267 -277 0
-267 -278 0
-268 -269 0
-268 -270 0
-268 -271 0
-268 -272 0
-268 -273 0
-268 -274 0
-268 -275 0
-268 -276 0
-268 -277 0
-268 -278 0
-269 -270 0
-269 -271 0
-269 -272 0
-269 -273 0
-269 -274 0
-269 -275 0
-269 -276 0
-269 -277 0
-269 -278 0
-270 -271 0
-270 -272 0
-270 -273 0
-270 -274 0
-270 -275 0
-270 -276 0
-270 -277 0
-270 -278 0
-271 -272 0
-271 -273 0
-271 -274 0
-271 -275 0
-271 -276 0
-271 -277 0
-271 -278 0
-272 -273 0
-272 -274 0
-272 -275 0
-272 -276 0
-272 -277 0
-272 -278 0
-273 -274 0
-273 -275 0
-273 -276 0
-273 -277 0
-273 -278 0
-274 -275 0
-274 -276 0
-274 -277 0
-274 -278 0
-275 -276 0
-275 -277 0
-275 -278 0
-276 -277 0
-276 -278 0
-277 -278 0
279 280 281 282 283 284 285 286 287 288 289 290 291 292 293 294 295 296 297 298 299 300 301 0
-279 -280 0
-279 -281 0
-279 -282 0
-279 -283 0
-279 -284 0
-279 -285 0
-279 -286 0
-279 -287 0
-279 -288 0
-279 -289 0
-279 -290 0
-279 -291 0
-279 -292 0
-279 -293 0
-279 -294 0
-279 -295 0
-279 -296 0
-279 -297 0
-279 -298 0
-279 -299 0
-279 -300 0
-279 -301 0
-280 -281 0
-280 -282 0
-280 -283 0
-280 -284 0
-280 -285 0
-280 -286 0
-280 -287 0
-280 -288 0
-280 -289 0
-280 -290 0
-280 -291 0
-280 -292 0
-280 -293 0
-280 -294 0
-280 -295 0
-280 -296 0
-280 -297 0
-280 -298 0
-280 -299 0
-280 -300 0
-280 -301 0
-281 -282 0
-281 -283 0
-281 -284 0
-281 -285 0
-281 -286 0
-281 -287 0
-281 -288 0
-281 -289 0
-281 -290 0
-281 -291 0
-281 -292 0
-281 -293 0
-281 -294 0
-281 -295 0
-281 -296 0
-281 -297 0
-281 -298 0
-281 -299 0
-281 -300 0
-281 -301 0
-282 -283 0
-282 -284 0
-282 -285 0
-282 -286 0
-282 -287 0
-282 -288 0
-282 -289 0
-282 -290 0
-282 -291 0
-282 -292 0
-282 -293 0
-282 -294 0
-282 -295 0
-282 -296 0
-282 -297 0
-282 -298 0
-282 -299 0
-282 -300 0
-282 -301 0
-283 -284 0
-283 -285 0
-283 -286 0
-283 -287 0
-283 -288 0
-283 -289 0
-283 -290 0
-283 -291 0
-283 -292 0
-283 -293 0
-283 -294 0
-283 -295 0
-283 -296 0
-283 -297 0
-283 -298 0
-283 -299 0
-283 -300 0
-283 -301 0
-284 -285 0
-284 -286 0
-284 -287 0
-284 -288 0
-284 -289 0
-284 -290 0
-284 -291 0
-284 -292 0
-284 -293 0
-284 -294 0
-284 -295 0
-284 -296 0
-284 -297 0
-284 -298 0
-284 -299 0
-284 -300 0
-284 -301 0
-285 -286 0
-285 -287 0
-285 -288 0
-285 -289 0
-285 -290 0
-285 -291 0
-285 -292 0
-285 -293 0
-285 -294 0
-285 -295 0
-285 -296 0
-285 -297 0
-285 -298 0
-285 -299 0
-285 -300 0
-285 -301 0
-286 -287 0
-286 -288 0
-286 -289 0
-286 -290 0
-286 -291 0
-286 -292 0
-286 -293 0
-286 -294 0
-286 -295 0
-286 -296 0
-286 -297 0
-286 -298 0
-286 -299 0
-286 -300 0
-286 -301 0
-287 -288 0
-287 -289 0
-287 -290 0
-287 -291 0
-287 -292 0
-287 -293 0
-287 -294 0
-287 -295 0
-287 -296 0
-287 -297 0
-287 -298 0
-287 -299 0
-287 -300 0
-287 -301 0
-288 -289 0
-288 -290 0
-288 -291 0
-288 -292 0
-288 -293 0
-288 -294 0
-288 -295 0
-288 -296 0
-288 -297 0
-288 -298 0
-288 -299 0
-288 -300 0
-288 -301 0
-289 -290 0
-289 -291 0
-289 -292 0
-289 -293 0
-289 -294 0
-289 -295 0
-289 -296 0
-289 -297 0
-289 -298 0
-289 -299 0
-289 -300 0
-289 -301 0
-290 -291 0
-290 -292 0
-290 -293 0
-290 -294 0
-290 -295 0
-290 -296 0
-290 -297 0
-290 -298 0
-290 -299 0
-290 -300 0
-290 -301 0
-291 -292 0
-291 -293 0
-291 -294 0
-291 -295 0
-291 -296 0
-291 -297 0
-291 -298 0
-291 -299 0
-291 -300 0
-291 -301 0
-292 -293 0
-292 -294 0
-292 -295 0
-292 -296 0
-292 -297 0
-292 -298 0
-292 -299 0
-292 -300 0
-292 -301 0
-293 -294 0
-293 -295 0
-293 -296 0
-293 -297 0
-293 -298 0
-293 -299 0
-293 -300 0
-293 -301 0
-294 -295 0
-294 -296 0
-294 -297 0
-294 -298 0
-294 -299 0
-294 -300 0
-294 -301 0
-295 -296 0
-295 -297 0
-295 -298 0
-295 -299 0
-295 -300 0
-295 -301 0
-296 -297 0
-296 -298 0
-296 -299 0
-296 -300 0
-296 -301 0
-297 -298 0
-297 -299 0
-297 -300 0
-297 -301 0
-298 -299 0
-298 -300 0
-298 -301 0
-299 -300 0
-299 -301 0
-300 -301 0
302 303 304 305 306 307 308 309 310 311 312 313 314 315 316 317 318 319 320 321 322 323 324 0
-302 -303 0
-302 -304 0
-302 -305 0
-302 -306 0
-302 -307 0
-302 -308 0
-302 -309 0
-302 -310 0
-302 -311 0
-302 -312 0
-302 -313 0
-302 -314 0
-302 -315 0
-302 -316 0
-302 -317 0
-302 -318 0
-302 -319 0
-302 -320 0
-302 -321 0
-302 -322 0
-302 -323 0
-302 -324 0
-303 -304 0
-303 -305 0
-303 -306 0
-303 -307 0
-303 -308 0
-303 -309 0
-303 -310 0
-303 -311 0
-303 -312 0
-303 -313 0
-303 -314 0
-303 -315 0
-303 -316 0
-303 -317 0
-303 -318 0
-303 -319 0
-303 -320 0
-303 -321 0
-303 -322 0
-303 -323 0
-303 -324 0
-304 -305 0
-304 -306 0
-304 -307 0
-304 -308 0
-304 -309 0
-304 -310 0
-304 -311 0
-304 -312 0
-304 -313 0
-304 -314 0
-304 -315 0
-304 -316 0
-304 -317 0
-304 -318 0
-304 -319 0
-304 -320 0
-304 -321 0
-304 -322 0
-304 -323 0
-304 -324 0
-305 -306 0
-305 -307 0
-305 -308 0
-305 -309 0
-305 -310 0
-305 -311 0
-305 -312 0
-305 -313 0
-305 -314 0
-305 -315 0
-305 -316 0
-305 -317 0
-305 -318 0
-305 -319 0
-305 -320 0
-305 -321 0
-305 -322 0
-305 -323 0
-305 -324 0
-306 -307 0
-306 -308 0
-306 -309 0
-306 -310 0
-306 -311 0
-306 -312 0
-306 -313 0
-306 -314 0
-306 -315 0
-306 -316 0
-306 -317 0
-306 -318 0
-306 -319 0
-306 -320 0
-306 -321 0
-306 -322 0
-306 -323 0
-306 -324 0
-307 -308 0
-307 -309 0
-307 -310 0
-307 -311 0
-307 -312 0
-307 -313 0
-307 -314 0
-307 -315 0
-307 -316 0
-307 -317 0
-307 -318 0
-307 -319 0
-307 -320 0
-307 -321 0
-307 -322 0
-307 -323 0
-307 -324 0
-308 -309 0
-308 -310 0
-308 -311 0
-308 -312 0
-308 -313 0
-308 -314 0
-308 -315 0
-308 -316 0
-308 -317 0
-308 -318 0
-308 -319 0
-308 -320 0
-308 -321 0
-308 -322 0
-308 -323 0
-308 -324 0
-309 -310 0
-309 -311 0
-309 -312 0
-309 -313 0
-309 -314 0
-309 -315 0
-309 -316 0
-309 -317 0
-309 -318 0
-309 -319 0
-309 -320 0
-309 -321 0
-309 -322 0
-309 -323 0
-309 -324 0
-310 -311 0
-310 -312 0
-310 -313 0
-310 -314 0
-310 -315 0
-310 -316 0
-310 -317 0
-310 -318 0
-310 -319 0
-310 -320 0
-310 -321 0
-310 -322 0
-310 -323 0
-310 -324 0
-311 -312 0
-311 -313 0
-311 -314 0
-311 -315 0
-311 -316 0
-311 -317 0
-311 -318 0
-311 -319 0
-311 -320 0
-311 -321 0
-311 -322 0
-311 -323 0
-311 -324 0
-312 -313 0
-312 -314 0
-312 -315 0
-312 -316 0
-312 -317 0
-312 -318 0
-312 -319 0
-312 -320 0
-312 -321 0
-312 -322 0
-312 -323 0
-312 -324 0
-313 -314 0
-313 -315 0
-313 -316 0
-313 -317 0
-313 -318 0
-313 -319 0
-313 -320 0
-313 -321 0
-313 -322 0
-313 -323 0
-313 -324 0
-314 -315 0
-314 -316 0
-314 -317 0
-314 -318 0
-314 -319 0
-314 -320 0
-314 -321 0
-314 -322 0
-314 -323 0
-314 -324 0
-315 -316 0
-315 -317 0
-315 -318 0
-315 -319 0
-315 -320 0
-315 -321 0
-315 -322 0
-315 -323 0
-315 -324 0
-316 -317 0
-316 -318 0
-316 -319 0
-316 -320 0
-316 -321 0
-316 -322 0
-316 -323 0
-316 -324 0
-317 -318 0
-317 -319 0
-317 -320 0
-317 -321 0
-317 -322 0
-317 -323 0
-317 -324 0
-318 -319 0
-318 -320 0
-318 -321 0
-318 -322 0
-318 -323 0
-318 -324 0
-319 -320 0
-319 -321 0
-319 -322 0
-319 -323 0
-319 -324 0
-320 -321 0
-320 -322 0
-320 -323 0
-320 -324 0
-321 -322 0
-321 -323 0
-321 -324 0
-322 -323 0
-322 -324 0
-323 -324 0
325 326 327 328 329 330 331 332 333 334 335 336 337 338 339 340 341 342 343 344 345 346 347 0
-325 -326 0
-325 -327 0
-325 -328 0
-325 -329 0
-325 -330 0
-325 -331 0
-325 -332 0
-325 -333 0
-325 -334 0
-325 -335 0
-325 -336 0
-325 -337 0
-325 -338 0
-325 -339 0
-325 -340 0
-325 -341 0
-325 -342 0
-325 -343 0
-325 -344 0
-325 -345 0
-325 -346 0
-325 -347 0
-326 -327 0
-326 -328 0
-326 -329 0
-326 -330 0
-326 -331 0
-326 -332 0
-326 -333 0
-326 -334 0
-326 -335 0
-326 -336 0
-326 -337 0
-326 -338 0
-326 -339 0
-326 -340 0
-326 -341 0
-326 -342 0
-326 -343 0
-326 -344 0
-326 -345 0
-326 -346 0
-326 -347 0
-327 -328 0
-327 -329 0
-327 -330 0
-327 -331 0
-327 -332 0
-327 -333 0
-327 -334 0
-327 -335 0
-327 -336 0
-327 -337 0
-327 -338 0
-327 -339 0
-327 -340 0
-327 -341 0
-327 -342 0
-327 -343 0
-327 -344 0
-327 -345 0
-327 -346 0
-327 -347 0
-328 -329 0
-328 -330 0
-328 -331 0
-328 -332 0
-328 -333 0
-328 -334 0
-328 -335 0
-328 -336 0
-328 -337 0
-328 -338 0
-328 -339 0
-328 -340 0
-328 -341 0
-328 -342 0
-328 -343 0
-328 -344 0
-328 -345 0
-328 -346 0
-328 -347 0
-329 -330 0
-329 -331 0
-329 -332 0
-329 -333 0
-329 -334 0
-329 -335 0
-329 -336 0
-329 -337 0
-329 -338 0
-329 -339 0
-329 -340 0
-329 -341 0
-329 -342 0
-329 -343 0
-329 -344 0
-329 -345 0
-329 -346 0
-329 -347 0
-330 -331 0
-330 -332 0
-330 -333 0
-330 -334 0
-330 -335 0
-330 -336 0
-330 -337 0
-330 -338 0
-330 -339 0
-330 -340 0
-330 -341 0
-330 -342 0
-330 -343 0
-330 -344 0
-330 -345 0
-330 -346 0
-330 -347 0
-331 -332 0
-331 -333 0
-331 -334 0
-331 -335 0
-331 -336 0
-331 -337 0
-331 -338 0
-331 -339 0
-331 -340 0
-331 -341 0
-331 -342 0
-331 -343 0
-331 -344 0
-331 -345 0
-331 -346 0
-331 -347 0
-332 -333 0
-332 -334 0
-332 -335 0
-332 -336 0
-332 -337 0
-332 -338 0
-332 -339 0
-332 -340 0
-332 -341 0
-332 -342 0
-332 -343 0
-332 -344 0
-332 -345 0
-332 -346 0
-332 -347 0
-333 -334 0
-333 -335 0
-333 -336 0
-333 -337 0
-333 -338 0
-333 -339 0
-333 -340 0
-333 -341 0
-333 -342 0
-333 -343 0
-333 -344 0
-333 -345 0
-333 -346 0
-333 -347 0
-334 -335 0
-334 -336 0
-334 -337 0
-334 -338 0
-334 -339 0
-334 -340 0
-334 -341 0
-334 -342 0
-334 -343 0
-334 -344 0
-334 -345 0
-334 -346 0
-334 -347 0
-335 -336 0
-335 -337 0
-335 -338 0
-335 -339 0
-335 -340 0
-335 -341 0
-335 -342 0
-335 -343 0
-335 -344 0
-335 -345 0
-335 -346 0
-335 -347 0
-336 -337 0
-336 -338 0
-336 -339 0
-336 -340 0
-336 -341 0
-336 -342 0
-336 -343 0
-336 -344 0
-336 -345 0
-336 -346 0
-336 -347 0
-337 -338 0
-337 -339 0
-337 -340 0
-337 -341 0
-337 -342 0
-337 -343 0
-337 -344 0
-337 -345 0
-337 -346 0
-337 -347 0
-338 -339 0
-338 -340 0
-338 -341 0
-338 -342 0
-338 -343 0
-338 -344 0
-338 -345 0
-338 -346 0
-338 -347 0
-339 -340 0
-339 -341 0
-339 -342 0
-339 -343 0
-339 -344 0
-339 -345 0
-339 -346 0
-339 -347 0
-340 -341 0
-340 -342 0
-340 -343 0
-340 -344 0
-340 -345 0
-340 -346 0
-340 -347 0
-341 -342 0
-341 -343 0
-341 -344 0
-341 -345 0
-341 -346 0
-341 -347 0
-342 -343 0
-342 -344 0
-342 -345 0
-342 -346 0
-342 -347 0
-343 -344 0
-343 -345 0
-343 -346 0
-343 -347 0
-344 -345 0
-344 -346 0
-344 -347 0
-345 -346 0
-345 -347 0
-346 -347 0
348 349 350 351 352 353 354 355 356 357 358 359 360 361 362 363 364 365 366 367 368 369 370 0
-348 -349 0
-348 -350 0
-348 -351 0
-348 -352 0
-348 -353 0
-348 -354 0
-348 -355 0
-348 -356 0
-348 -357 0
-348 -358 0
-348 -359 0
-348 -360 0
-348 -361 0
-348 -362 0
-348 -363 0
-348 -364 0
-348 -365 0
-348 -366 0
-348 -367 0
-348 -368 0
-348 -369 0
-348 -370 0
-349 -350 0
-349 -351 0
-349 -352 0
-349 -353 0
-349 -354 0
-349 -355 0
-349 -356 0
-349 -357 0
-349 -358 0
-349 -359 0
-349 -360 0
-349 -361 0
-349 -362 0
-349 -363 0
-349 -364 0
-349 -365 0
-349 -366 0
-349 -367 0
-349 -368 0
-349 -369 0
-349 -370 0
-350 -351 0
-350 -352 0
-350 -353 0
-350 -354 0
-350 -355 0
-350 -356 0
-350 -357 0
-350 -358 0
-350 -359 0
-350 -360 0
-350 -361 0
-350 -362 0
-350 -363 0
-350 -364 0
-350 -365 0
-350 -366 0
-350 -367 0
-350 -368 0
-350 -369 0
-350 -370 0
-351 -352 0
-351 -353 0
-351 -354 0
-351 -355 0
-351 -356 0
-351 -357 0
-351 -358 0
-351 -359 0
-351 -360 0
-351 -361 0
-351 -362 0
-351 -363 0
-351 -364 0
-351 -365 0
-351 -366 0
-351 -367 0
-351 -368 0
-351 -369 0
-351 -370 0
-352 -353 0
-352 -354 0
-352 -355 0
-352 -356 0
-352 -357 0
-352 -358 0
-352 -359 0
-352 -360 0
-352 -361 0
-352 -362 0
-352 -363 0
-352 -364 0
-352 -365 0
-352 -366 0
-352 -367 0
-352 -368 0
-352 -369 0
-352 -370 0
-353 -354 0
-353 -355 0
-353 -356 0
-353 -357 0
-353 -358 0
-353 -359 0
-353 -360 0
-353 -361 0
-353 -362 0
-353 -363 0
-353 -364 0
-353 -365 0
-353 -366 0
-353 -367 0
-353 -368 0
-353 -369 0
-353 -370 0
-354 -355 0
-354 -356 0
-354 -357 0
-354 -358 0
-354 -359 0
-354 -360 0
-354 -361 0
-354 -362 0
-354 -363 0
-354 -364 0
-354 -365 0
-354 -366 0
-354 -367 0
-354 -368 0
-354 -369 0
-354 -370 0
-355 -356 0
-355 -357 0
-355 -358 0
-355 -359 0
-355 -360 0
-355 -361 0
-355 -362 0
-355 -363 0
-355 -364 0
-355 -365 0
-355 -366 0
-355 -367 0
-355 -368 0
-355 -369 0
-355 -370 0
-356 -357 0
-356 -358 0
-356 -359 0
-356 -360 0
-356 -361 0
-356 -362 0
-356 -363 0
-356 -364 0
-356 -365 0
-356 -366 0
-356 -367 0
-356 -368 0
-356 -369 0
-356 -370 0
-357 -358 0
-357 -359 0
-357 -360 0
-357 -361 0
-357 -362 0
-357 -363 0
-357 -364 0
-357 -365 0
-357 -366 0
-357 -367 0
-357 -368 0
-357 -369 0
-357 -370 0
-358 -359 0
-358 -360 0
-358 -361 0
-358 -362 0
-358 -363 0
-358 -364 0
-358 -365 0
-358 -366 0
-358 -367 0
-358 -368 0
-358 -369 0
-358 -370 0
-359 -360 0
-359 -361 0
-359 -362 0
-359 -363 0
-359 -364 0
-359 -365 0
-359 -366 0
-359 -367 0
-359 -368 0
-359 -369 0
-359 -370 0
-360 -361 0
-360 -362 0
-360 -363 0
-360 -364 0
-360 -365 0
-360 -366 0
-360 -367 0
-360 -368 0
-360 -369 0
-360 -370 0
-361 -362 0
-361 -363 0
-361 -364 0
-361 -365 0
-361 -366 0
-361 -367 0
-361 -368 0
-361 -369 0
-361 -370 0
-362 -363 0
-362 -364 0
-362 -365 0
-362 -366 0
-362 -367 0
-362 -368 0
-362 -369 0
-362 -370 0
-363 -364 0
-363 -365 0
-363 -366 0
-363 -367 0
-363 -368 0
-363 -369 0
-363 -370 0
-364 -365 0
-364 -366 0
-364 -367 0
-364 -368 0
-364 -369 0
-364 -370 0
-365 -366 0
-365 -367 0
-365 -368 0
-365 -369 0
-365 -370 0
-366 -367 0
-366 -368 0
-366 -369 0
-366 -370 0
-367 -368 0
-367 -369 0
-367 -370 0
-368 -369 0
-368 -370 0
-369 -370 0
371 372 373 374 375 376 377 378 379 380 381 382 383 384 385 386 387 388 389 390 391 392 393 0
-371 -372 0
-371 -373 0
-371 -374 0
-371 -375 0
-371 -376 0
-371 -377 0
-371 -378 0
-371 -379 0
-371 -380 0
-371 -381 0
-371 -382 0
-371 -383 0
-371 -384 0
-371 -385 0
-371 -386 0
-371 -387 0
-371 -388 0
-371 -389 0
-371 -390 0
-371 -391 0
-371 -392 0
-371 -393 0
-372 -373 0
-372 -374 0
-372 -375 0
-372 -376 0
-372 -377 0
-372 -378 0
-372 -379 0
-372 -380 0
-372 -381 0
-372 -382 0
-372 -383 0
-372 -384 0
-372 -385 0
-372 -386 0
-372 -387 0
-372 -388 0
-372 -389 0
-372 -390 0
-372 -391 0
-372 -392 0
-372 -393 0
-373 -374 0
-373 -375 0
-373 -376 0
-373 -377 0
-373 -378 0
-373 -379 0
-373 -380 0
-373 -381 0
-373 -382 0
-373 -383 0
-373 -384 0
-373 -385 0
-373 -386 0
-373 -387 0
-373 -388 0
-373 -389 0
-373 -390 0
-373 -391 0
-373 -392 0
-373 -393 0
-374 -375 0
-374 -376 0
-374 -377 0
-374 -378 0
-374 -379 0
-374 -380 0
-374 -381 0
-374 -382 0
-374 -383 0
-374 -384 0
-374 -385 0
-374 -386 0
-374 -387 0
-374 -388 0
-374 -389 0
-374 -390 0
-374 -391 0
-374 -392 0
-374 -393 0
-375 -376 0
-375 -377 0
-375 -378 0
-375 -379 0
-375 -380 0
-375 -381 0
-375 -382 0
-375 -383 0
-375 -384 0
-375 -385 0
-375 -386 0
-375 -387 0
-375 -388 0
-375 -389 0
-375 -390 0
-375 -391 0
-375 -392 0
-375 -393 0
-376 -377 0
-376 -378 0
-376 -379 0
-376 -380 0
-376 -381 0
-376 -382 0
-376 -383 0
-376 -384 0
-376 -385 0
-376 -386 0
-376 -387 0
-376 -388 0
-376 -389 0
-376 -390 0
-376 -391 0
-376 -392 0
-376 -393 0
-377 -378 0
-377 -379 0
-377 -380 0
-377 -381 0
-377 -382 0
-377 -383 0
-377 -384 0
-377 -385 0
-377 -386 0
-377 -387 0
-377 -388 0
-377 -389 0
-377 -390 0
-377 -391 0
-377 -392 0
-377 -393 0
-378 -379 0
-378 -380 0
-378 -381 0
-378 -382 0
-378 -383 0
-378 -384 0
-378 -385 0
-378 -386 0
-378 -387 0
-378 -388 0
-378 -389 0
-378 -390 0
-378 -391 0
-378 -392 0
-378 -393 0
-379 -380 0
-379 -381 0
-379 -382 0
-379 -383 0
-379 -384 0
-379 -385 0
-379 -386 0
-379 -387 0
-379 -388 0
-379 -389 0
-379 -390 0
-379 -391 0
-379 -392 0
-379 -393 0
-380 -381 0
-380 -382 0
-380 -383 0
-380 -384 0
-380 -385 0
-380 -386 0
-380 -387 0
-380 -388 0
-380 -389 0
-380 -390 0
-380 -391 0
-380 -392 0
-380 -393 0
-381 -382 0
-381 -383 0
-381 -384 0
-381 -385 0
-381 -386 0
-381 -387 0
-381 -388 0
-381 -389 0
-381 -390 0
-381 -391 0
-381 -392 0
-381 -393 0
-382 -383 0
-382 -384 0
-382 -385 0
-382 -386 0
-382 -387 0
-382 -388 0
-382 -389 0
-382 -390 0
-382 -391 0
-382 -392 0
-382 -393 0
-383 -384 0
-383 -385 0
-383 -386 0
-383 -387 0
-383 -388 0
-383 -389 0
-383 -390 0
-383 -391 0
-383 -392 0
-383 -393 0
-384 -385 0
-384 -386 0
-384 -387 0
-384 -388 0
-384 -389 0
-384 -390 0
-384 -391 0
-384 -392 0
-384 -393 0
-385 -386 0
-385 -387 0
-385 -388 0
-385 -389 0
-385 -390 0
-385 -391 0
-385 -392 0
-385 -393 0
-386 -387 0
-386 -388 0
-386 -389 0
-386 -390 0
-386 -391 0
-386 -392 0
-386 -393 0
-387 -388 0
-387 -389 0
-387 -390 0
-387 -391 0
-387 -392 0
-387 -393 0
-388 -389 0
-388 -390 0
-388 -391 0
-388 -392 0
-388 -393 0
-389 -390 0
-389 -391 0
-389 -392 0
-389 -393 0
-390 -391 0
-390 -392 0
-390 -393 0
-391 -392 0
-391 -393 0
-392 -393 0
394 395 396 397 398 399 400 401 402 403 404 405 406 407 408 409 410 411 412 413 414 415 416 0
-394 -395 0
-394 -396 0
-394 -397 0
-394 -398 0
-394 -399 0
-394 -400 0
-394 -401 0
-394 -402 0
-394 -403 0
-394 -404 0
-394 -405 0
-394 -406 0
-394 -407 0
-394 -408 0
-394 -409 0
-394 -410 0
-394 -411 0
-394 -412 0
-394 -413 0
-394 -414 0
-394 -415 0
-394 -416 0
-395 -396 0
-395 -397 0
-395 -398 0
-395 -399 0
-395 -400 0
-395 -401 0
-395 -402 0
-395 -403 0
-395 -404 0
-395 -405 0
-395 -406 0
-395 -407 0
-395 -408 0
-395 -409 0
-395 -410 0
-395 -411 0
-395 -412 0
-395 -413 0
-395 -414 0
-395 -415 0
-395 -416 0
-396 -397 0
-396 -398 0
-396 -399 0
-396 -400 0
-396 -401 0
-396 -402 0
-396 -403 0
-396 -404 0
-396 -405 0
-396 -406 0
-396 -407 0
-396 -408 0
-396 -409 0
-396 -410 0
-396 -411 0
-396 -412 0
-396 -413 0
-396 -414 0
-396 -415 0
-396 -416 0
-397 -398 0
-397 -399 0
-397 -400 0
-397 -401 0
-397 -402 0
-397 -403 0
-397 -404 0
-397 -405 0
-397 -406 0
-397 -407 0
-397 -408 0
-397 -409 0
-397 -410 0
-397 -411 0
-397 -412 0
-397 -413 0
-397 -414 0
-397 -415 0
-397 -416 0
-398 -399 0
-398 -400 0
-398 -401 0
-398 -402 0
-398 -403 0
-398 -404 0
-398 -405 0
-398 -406 0
-398 -407 0
-398 -408 0
-398 -409 0
-398 -410 0
-398 -411 0
-398 -412 0
-398 -413 0
-398 -414 0
-398 -415 0
-398 -416 0
-399 -400 0
-399 -401 0
-399 -402 0
-399 -403 0
-399 -404 0
-399 -405 0
-399 -406 0
-399 -407 0
-399 -408 0
-399 -409 0
-399 -410 0
-399 -411 0
-399 -412 0
-399 -413 0
-399 -414 0
-399 -415 0
-399 -416 0
-400 -401 0
-400 -402 0
-400 -403 0
-400 -404 0
-400 -405 0
-400 -406 0
-400 -407 0
-400 -408 0
-400 -409 0
-400 -410 0
-400 -411 0
-400 -412 0
-400 -413 0
-400 -414 0
-400 -415 0
-400 -416 0
-401 -402 0
-401 -403 0
-401 -404 0
-401 -405 0
-401 -406 0
-401 -407 0
-401 -408 0
-401 -409 0
-401 -410 0
-401 -411 0
-401 -412 0
-401 -413 0
-401 -414 0
-401 -415 0
-401 -416 0
-402 -403 0
-402 -404 0
-402 -405 0
-402 -406 0
-402 -407 0
-402 -408 0
-402 -409 0
-402 -410 0
-402 -411 0
-402 -412 0
-402 -413 0
-402 -414 0
-402 -415 0
-402 -416 0
-403 -404 0
-403 -405 0
-403 -406 0
-403 -407 0
-403 -408 0
-403 -409 0
-403 -410 0
-403 -411 0
-403 -412 0
-403 -413 0
-403 -414 0
-403 -415 0
-403 -416 0
-404 -405 0
-404 -406 0
-404 -407 0
-404 -408 0
-404 -409 0
-404 -410 0
-404 -411 0
-404 -412 0
-404 -413 0
-404 -414 0
-404 -415 0
-404 -416 0
-405 -406 0
-405 -407 0
-405 -408 0
-405 -409 0
-405 -410 0
-405 -411 0
-405 -412 0
-405 -413 0
-405 -414 0
-405 -415 0
-405 -416 0
-406 -407 0
-406 -408 0
-406 -409 0
-406 -410 0
-406 -411 0
-406 -412 0
-406 -413 0
-406 -414 0
-406 -415 0
-406 -416 0
-407 -408 0
-407 -409 0
-407 -410 0
-407 -411 0
-407 -412 0
-407 -413 0
-407 -414 0
-407 -415 0
-407 -416 0
-408 -409 0
-408 -410 0
-408 -411 0
-408 -412 0
-408 -413 0
-408 -414 0
-408 -415 0
-408 -416 0
-409 -410 0
-409 -411 0
-409 -412 0
-409 -413 0
-409 -414 0
-409 -415 0
-409 -416 0
-410 -411 0
-410 -412 0
-410 -413 0
-410 -414 0
-410 -415 0
-410 -416 0
-411 -412 0
-411 -413 0
-411 -414 0
-411 -415 0
-411 -416 0
-412 -413 0
-412 -414 0
-412 -415 0
-412 -416 0
-413 -414 0
-413 -415 0
-413 -416 0
-414 -415 0
-414 -416 0
-415 -416 0
417 418 419 420 0
-417 -418 0
-417 -419 0
-417 -420 0
-418 -419 0
-418 -420 0
-419 -420 0
421 422 423 424 425 426 427 428 429 430 0
-421 -422 0
-421 -423 0
-421 -424 0
-421 -425 0
-421 -426 0
-421 -427 0
-421 -428 0
-421 -429 0
-421 -430 0
-422 -423 0
-422 -424 0
-422 -425 0
-422 -426 0
-422 -427 0
-422 -428 0
-422 -429 0
-422 -430 0
-423 -424 0
-423 -425 0
-423 -426 0
-423 -427 0
-423 -428 0
-423 -429 0
-423 -430 0
-424 -425 0
-424 -426 0
-424 -427 0
-424 -428 0
-424 -429 0
-424 -430 0
-425 -426 0
-425 -427 0
-425 -428 0
-425 -429 0
-425 -430 0
-426 -427 0
-426 -428 0
-426 -429 0
-426 -430 0
-427 -428 0
-427 -429 0
-427 -430 0
-428 -429 0
-428 -430 0
-429 -430 0
431 432 433 434 435 436 437 438 439 440 0
-431 -432 0
-431 -433 0
-431 -434 0
-431 -435 0
-431 -436 0
-431 -437 0
-431 -438 0
-431 -439 0
-431 -440 0
-432 -433 0
-432 -434 0
-432 -435 0
-432 -436 0
-432 -437 0
-432 -438 0
-432 -439 0
-432 -440 0
-433 -434 0
-433 -435 0
-433 -436 0
-433 -437 0
-433 -438 0
-433 -439 0
-433 -440 0
-434 -435 0
-434 -436 0
-434 -437 0
-434 -438 0
-434 -439 0
-434 -440 0
-435 -436 0
-435 -437 0
-435 -438 0
-435 -439 0
-435 -440 0
-436 -437 0
-436 -438 0
-436 -439 0
-436 -440 0
-437 -438 0
-437 -439 0
-437 -440 0
-438 -439 0
-438 -440 0
-439 -440 0
441 442 443 444 445 446 447 448 449 450 0
-441 -442 0
-441 -443 0
-441 -444 0
-441 -445 0
-441 -446 0
-441 -447 0
-441 -448 0
-441 -449 0
-441 -450 0
-442 -443 0
-442 -444 0
-442 -445 0
-442 -446 0
-442 -447 0
-442 -448 0
-442 -449 0
-442 -450 0
-443 -444 0
-443 -445 0
-443 -446 0
-443 -447 0
-443 -448 0
-443 -449 0
-443 -450 0
-444 -445 0
-444 -446 0
-444 -447 0
-444 -448 0
-444 -449 0
-444 -450 0
-445 -446 0
-445 -447 0
-445 -448 0
-445 -449 0
-445 -450 0
-446 -447 0
-446 -448 0
-446 -449 0
-446 -450 0
-447 -448 0
-447 -449 0
-447 -450 0
-448 -449 0
-448 -450 0
-449 -450 0

-93 69 0
-118 94 0
-143 119 0
-168 144 0
-193 169 0
-279 257 0
-302 280 0
-325 303 0
-348 326 0
-371 349 0
-394 372 0
-431 422 0
-441 432 0
-94 68 73 0
-119 93 98 0
-144 118 123 0
-169 143 148 0
-194 168 173 0
-280 256 261 0
-303 279 284 0
-326 302 307 0
-349 325 330 0
-372 348 353 0
-395 371 376 0
-432 421 425 0
-442 431 435 0
417 419 420 0

-95 71 74 73 0
-120 96 99 98 0
-145 121 124 123 0
-170 146 149 148 0
-195 171 174 173 0
-281 259 262 261 0
-304 282 285 284 0
-327 305 308 307 0
-350 328 331 330 0
-373 351 354 353 0
-396 374 377 376 0
-433 424 426 425 0
-443 434 436 435 0
-26 23 24 0
-96 70 72 74 75 0
-121 95 97 99 100 0
-146 120 122 124 125 0
-171 145 147 149 150 0
-196 170 172 174 175 0
-282 258 260 262 263 0
-305 281 283 285 286 0
-328 304 306 308 309 0
-351 327 329 331 332 0
-374 350 352 354 355 0
-397 373 375 377 378 0
-434 423 426 0
-444 433 436 0
-27 22 24 0
-97 71 75 0
-122 96 100 0
-147 121 125 0
-172 146 150 0
-197 171 175 0
-283 259 263 0
-306 282 286 0
-329 305 309 0
-352 328 332 0
-375 351 355 0
-398 374 378 0
23 24 0

441 442 447 0
395 399 402 394 403 0
-98 74 77 69 70 76 0
-123 99 102 94 95 101 0
-148 124 127 119 120 126 0
-173 149 152 144 145 151 0
-198 174 177 169 170 176 0
-284 262 265 257 258 264 0
-307 285 288 280 281 287 0
-330 308 311 303 304 310 0
-353 331 334 326 327 333 0
-376 354 357 349 350 356 0
-399 377 380 372 373 379 0
-435 426 428 422 423 427 0
-445 436 438 432 433 437 0
-99 70 73 71 77 0
-124 95 98 96 102 0
-149 120 123 121 127 0
-174 145 148 146 152 0
-199 170 173 171 177 0
-285 258 261 259 265 0
-308 281 284 282 288 0
-331 304 307 305 311 0
-354 327 330 328 334 0
-377 350 353 351 357 0
-400 373 376 374 380 0
-436 423 425 424 428 0
-446 433 435 434 438 0
418 420 417 0
-28 23 25 22 0
-100 72 78 71 0
-125 97 103 96 0
-150 122 128 121 0
-175 147 153 146 0
-200 172 178 171 0
-286 260 266 259 0
-309 283 289 282 0
-332 306 312 305 0
-355 329 335 328 0
-378 352 358 351 0
-401 375 381 374 0
263 260 266 0

-44 33 35 34 0
-56 45 47 46 0
-101 77 80 73 79 0
-126 102 105 98 104 0
-151 127 130 123 129 0
-176 152 155 148 154 0
-201 177 180 173 179 0
-287 265 268 261 267 0
-310 288 291 284 290 0
-333 311 314 307 313 0
-356 334 337 330 336 0
-379 357 360 353 359 0
-402 380 383 376 382 0
-437 428 430 425 429 0
-447 438 440 435 439 0
-45 32 35 0
-57 44 47 0
-102 73 76 74 80 0
-127 98 101 99 105 0
-152 123 126 124 130 0
-177 148 151 149 155 0
-202 173 176 174 180 0
-288 261 264 262 268 0
-311 284 287 285 291 0
-334 307 310 308 314 0
-357 330 333 331 337 0
-380 353 356 354 360 0
-403 376 379 377 383 0
-438 425 427 426 430 0
-448 435 437 436 440 0
426 428 425 0

29 28 0
-29 24 0
-103 75 0
-128 100 0
-153 125 0
-178 150 0
-203 175 0
-289 263 269 0
-312 286 292 0
-335 309 315 0
-358 332 338 0
-381 355 361 0
-404 378 384 0
254 255 0
-46 35 36 32 37 0
-58 47 48 44 49 0
-104 80 81 76 82 0
-129 105 106 101 107 0
-154 130 131 126 132 0
-179 155 156 151 157 0
-204 180 181 176 182 0
-290 268 270 264 271 0
-313 291 293 287 294 0
-336 314 316 310 317 0
-359 337 339 333 340 0
-382 360 362 356 363 0
-405 383 385 379 386 0
-439 430 427 0
-449 440 437 0
-47 32 34 37 33 36 0
-59 44 46 49 45 48 0
-105 76 79 82 77 81 0
-130 101 104 107 102 106 0
-155 126 129 132 127 131 0
-180 151 154 157 152 156 0
-205 176 179 182 177 181 0
-291 264 267 271 265 270 0
-314 287 290 294 288 293 0
-337 310 313 317 311 316 0
-360 333 336 340 334 339 0
-383 356 359 363 357 362 0
-406 379 382 386 380 385 0
-440 427 429 428 0
-450 437 439 438 0
57 59 56 61 62 0
77 80 76 82 83 0

-292 266 0
-315 289 0
-338 312 0
-361 335 0
-384 358 0
-407 381 0
-48 34 37 39 35 0
-60 46 49 51 47 0
-106 79 82 85 80 0
-131 104 107 110 105 0
-156 129 132 135 130 0
-181 154 157 160 155 0
-206 179 182 185 180 0
-230 219 222 0
-242 231 234 0
-293 267 271 274 268 0
-316 290 294 297 291 0
-339 313 317 320 314 0
-362 336 340 343 337 0
-385 359 363 366 360 0
-408 382 386 389 383 0
-49 35 36 34 39 40 0
-61 47 48 46 51 52 0
-107 80 81 79 85 86 0
-132 105 106 104 110 111 0
-157 130 131 129 135 136 0
-182 155 156 154 160 161 0
-207 180 181 179 185 186 0
-231 218 222 223 0
-243 230 234 235 0
-294 268 270 267 274 275 0
-317 291 293 290 297 298 0
-340 314 316 313 320 321 0
-363 337 339 336 343 344 0
-386 360 362 359 366 367 0
-409 383 385 382 389 390 0
-50 41 40 0
-62 53 52 0
-108 84 87 86 88 0
-133 109 112 111 113 0
-158 134 137 136 138 0
-183 159 162 161 163 0
-208 184 187 186 188 0
-232 221 224 223 225 0
-244 233 236 235 237 0
-295 273 276 275 277 0
-318 296 299 298 300 0
-341 319 322 321 323 0
-364 342 345 344 346 0
-387 365 368 367 369 0
-410 388 391 390 392 0
-109 83 88 87 89 0
-134 108 113 112 114 0
-159 133 138 137 139 0
-184 158 163 162 164 0
-209 183 188 187 189 0
-233 220 225 224 226 0
-245 232 237 236 238 0
-296 272 277 276 278 0
-319 295 300 299 301 0
-342 318 323 322 324 0
-365 341 346 345 347 0
-388 364 369 368 370 0
-411 387 392 391 393 0
255 0

-51 36 37 42 0
-63 48 49 54 0
-110 81 82 90 0
-135 106 107 115 0
-160 131 132 140 0
-185 156 157 165 0
-210 181 182 190 0
-234 218 219 227 0
-246 230 231 239 0
-297 270 271 0
-320 293 294 0
-343 316 317 0
-366 339 340 0
-389 362 363 0
-412 385 386 0
-52 41 37 38 42 43 0
-64 53 49 50 54 55 0
-111 87 82 83 90 91 0
-136 112 107 108 115 116 0
-161 137 132 133 140 141 0
-186 162 157 158 165 166 0
-211 187 182 183 190 191 0
-235 224 219 220 227 228 0
-247 236 231 232 239 240 0
-298 276 271 272 0
-321 299 294 295 0
-344 322 317 318 0
-367 345 340 341 0
-390 368 363 364 0
-413 391 386 387 0
-53 38 40 43 0
-65 50 52 55 0
-112 83 86 88 91 84 92 0
-137 108 111 113 116 109 117 0
-162 133 136 138 141 134 142 0
-187 158 161 163 166 159 167 0
-212 183 186 188 191 184 192 0
-236 220 223 225 228 221 229 0
-248 232 235 237 240 233 241 0
-299 272 275 277 273 0
-322 295 298 300 296 0
-345 318 321 323 319 0
-368 341 344 346 342 0
-391 364 367 369 365 0
-414 387 390 392 388 0
-113 84 87 89 92 83 91 0
-138 109 112 114 117 108 116 0
-163 134 137 139 142 133 141 0
-188 159 162 164 167 158 166 0
-213 184 187 189 192 183 191 0
-237 221 224 226 229 220 228 0
-249 233 236 238 241 232 240 0
-300 273 276 278 272 0
-323 296 299 301 295 0
-346 319 322 324 318 0
-369 342 345 347 341 0
-392 365 368 370 364 0
-415 388 391 393 387 0
-114 88 84 92 0
-139 113 109 117 0
-164 138 134 142 0
-189 163 159 167 0
-214 188 184 192 0
-238 225 221 229 0
-250 237 233 241 0
-301 277 273 0
-324 300 296 0
-347 323 319 0
-370 346 342 0
-393 369 365 0
-416 392 388 0
39 42 0

-54 39 40 0
-66 51 52 0
-115 85 86 0
-140 110 111 0
-165 135 136 0
-190 160 161 0
-215 185 186 0
-239 222 223 0
-251 234 235 0
211 215 216 212 0
223 227 228 224 0

-55 41 40 0
-67 53 52 0
-116 87 92 86 88 0
-141 112 117 111 113 0
-166 137 142 136 138 0
-191 162 167 161 163 0
-216 187 192 186 188 0
-240 224 229 223 225 0
-252 236 241 235 237 0
-117 88 91 87 89 0
-142 113 116 112 114 0
-167 138 141 137 139 0
-192 163 166 162 164 0
-217 188 191 187 189 0
-241 225 228 224 226 0
-253 237 240 236 238 0
250 253 249 0
68 93 118 143 168 193 256 279 302 325 348 371 394 421 431 441 0
-68 -93 0
-68 -118 0
-68 -143 0
-68 -168 0
-68 -193 0
-68 -256 0
-68 -279 0
-68 -302 0
-68 -325 0
-68 -348 0
-68 -371 0
-68 -394 0
-68 -421 0
-68 -431 0
-68 -441 0
-93 -118 0
-93 -143 0
-93 -168 0
-93 -193 0
-93 -256 0
-93 -279 0
-93 -302 0
-93 -325 0
-93 -348 0
-93 -371 0
-93 -394 0
-93 -421 0
-93 -431 0
-93 -441 0
-118 -143 0
-118 -168 0
-118 -193 0
-118 -256 0
-118 -279 0
-118 -302 0
-118 -325 0
-118 -348 0
-118 -371 0
-118 -394 0
-118 -421 0
-118 -431 0
-118 -441 0
-143 -168 0
-143 -193 0
-143 -256 0
-143 -279 0
-143 -302 0
-143 -325 0
-143 -348 0
-143 -371 0
-143 -394 0
-143 -421 0
-143 -431 0
-143 -441 0
-168 -193 0
-168 -256 0
-168 -279 0
-168 -302 0
-168 -325 0
-168 -348 0
-168 -371 0
-168 -394 0
-168 -421 0
-168 -431 0
-168 -441 0
-193 -256 0
-193 -279 0
-193 -302 0
-193 -325 0
-193 -348 0
-193 -371 0
-193 -394 0
-193 -421 0
-193 -431 0
-193 -441 0
-256 -279 0
-256 -302 0
-256 -325 0
-256 -348 0
-256 -371 0
-256 -394 0
-256 -421 0
-256 -431 0
-256 -441 0
-279 -302 0
-279 -325 0
-279 -348 0
-279 -371 0
-279 -394 0
-279 -421 0
-279 -431 0
-279 -441 0
-302 -325 0
-302 -348 0
-302 -371 0
-302 -394 0
-302 -421 0
-302 -431 0
-302 -441 0
-325 -348 0
-325 -371 0
-325 -394 0
-325 -421 0
-325 -431 0
-325 -441 0
-348 -371 0
-348 -394 0
-348 -421 0
-348 -431 0
-348 -441 0
-371 -394 0
-371 -421 0
-371 -431 0
-371 -441 0
-394 -421 0
-394 -431 0
-394 -441 0
-421 -431 0
-421 -441 0
-431 -441 0
69 94 119 144 169 194 257 280 303 326 349 372 395 422 432 442 0
-69 -94 0
-69 -119 0
-69 -144 0
-69 -169 0
-69 -194 0
-69 -257 0
-69 -280 0
-69 -303 0
-69 -326 0
-69 -349 0
-69 -372 0
-69 -395 0
-69 -422 0
-69 -432 0
-69 -442 0
-94 -119 0
-94 -144 0
-94 -169 0
-94 -194 0
-94 -257 0
-94 -280 0
-94 -303 0
-94 -326 0
-94 -349 0
-94 -372 0
-94 -395 0
-94 -422 0
-94 -432 0
-94 -442 0
-119 -144 0
-119 -169 0
-119 -194 0
-119 -257 0
-119 -280 0
-119 -303 0
-119 -326 0
-119 -349 0
-119 -372 0
-119 -395 0
-119 -422 0
-119 -432 0
-119 -442 0
-144 -169 0
-144 -194 0
-144 -257 0
-144 -280 0
-144 -303 0
-144 -326 0
-144 -349 0
-144 -372 0
-144 -395 0
-144 -422 0
-144 -432 0
-144 -442 0
-169 -194 0
-169 -257 0
-169 -280 0
-169 -303 0
-169 -326 0
-169 -349 0
-169 -372 0
-169 -395 0
-169 -422 0
-169 -432 0
-169 -442 0
-194 -257 0
-194 -280 0
-194 -303 0
-194 -326 0
-194 -349 0
-194 -372 0
-194 -395 0
-194 -422 0
-194 -432 0
-194 -442 0
-257 -280 0
-257 -303 0
-257 -326 0
-257 -349 0
-257 -372 0
-257 -395 0
-257 -422 0
-257 -432 0
-257 -442 0
-280 -303 0
-280 -326 0
-280 -349 0
-280 -372 0
-280 -395 0
-280 -422 0
-280 -432 0
-280 -442 0
-303 -326 0
-303 -349 0
-303 -372 0
-303 -395 0
-303 -422 0
-303 -432 0
-303 -442 0
-326 -349 0
-326 -372 0
-326 -395 0
-326 -422 0
-326 -432 0
-326 -442 0
-349 -372 0
-349 -395 0
-349 -422 0
-349 -432 0
-349 -442 0
-372 -395 0
-372 -422 0
-372 -432 0
-372 -442 0
-395 -422 0
-395 -432 0
-395 -442 0
-422 -432 0
-422 -442 0
-432 -442 0
70 95 120 145 170 195 258 281 304 327 350 373 396 417 423 433 443 0
-70 -95 0
-70 -120 0
-70 -145 0
-70 -170 0
-70 -195 0
-70 -258 0
-70 -281 0
-70 -304 0
-70 -327 0
-70 -350 0
-70 -373 0
-70 -396 0
-70 -417 0
-70 -423 0
-70 -433 0
-70 -443 0
-95 -120 0
-95 -145 0
-95 -170 0
-95 -195 0
-95 -258 0
-95 -281 0
-95 -304 0
-95 -327 0
-95 -350 0
-95 -373 0
-95 -396 0
-95 -417 0
-95 -423 0
-95 -433 0
-95 -443 0
-120 -145 0
-120 -170 0
-120 -195 0
-120 -258 0
-120 -281 0
-120 -304 0
-120 -327 0
-120 -350 0
-120 -373 0
-120 -396 0
-120 -417 0
-120 -423 0
-120 -433 0
-120 -443 0
-145 -170 0
-145 -195 0
-145 -258 0
-145 -281 0
-145 -304 0
-145 -327 0
-145 -350 0
-145 -373 0
-145 -396 0
-145 -417 0
-145 -423 0
-145 -433 0
-145 -443 0
-170 -195 0
-170 -258 0
-170 -281 0
-170 -304 0
-170 -327 0
-170 -350 0
-170 -373 0
-170 -396 0
-170 -417 0
-170 -423 0
-170 -433 0
-170 -443 0
-195 -258 0
-195 -281 0
-195 -304 0
-195 -327 0
-195 -350 0
-195 -373 0
-195 -396 0
-195 -417 0
-195 -423 0
-195 -433 0
-195 -443 0
-258 -281 0
-258 -304 0
-258 -327 0
-258 -350 0
-258 -373 0
-258 -396 0
-258 -417 0
-258 -423 0
-258 -433 0
-258 -443 0
-281 -304 0
-281 -327 0
-281 -350 0
-281 -373 0
-281 -396 0
-281 -417 0
-281 -423 0
-281 -433 0
-281 -443 0
-304 -327 0
-304 -350 0
-304 -373 0
-304 -396 0
-304 -417 0
-304 -423 0
-304 -433 0
-304 -443 0
-327 -350 0
-327 -373 0
-327 -396 0
-327 -417 0
-327 -423 0
-327 -433 0
-327 -443 0
-350 -373 0
-350 -396 0
-350 -417 0
-350 -423 0
-350 -433 0
-350 -443 0
-373 -396 0
-373 -417 0
-373 -423 0
-373 -433 0
-373 -443 0
-396 -417 0
-396 -423 0
-396 -433 0
-396 -443 0
-417 -423 0
-417 -433 0
-417 -443 0
-423 -433 0
-423 -443 0
-433 -443 0
22 26 71 96 121 146 171 196 259 282 305 328 351 374 397 418 424 434 444 0
-22 -26 0
-22 -71 0
-22 -96 0
-22 -121 0
-22 -146 0
-22 -171 0
-22 -196 0
-22 -259 0
-22 -282 0
-22 -305 0
-22 -328 0
-22 -351 0
-22 -374 0
-22 -397 0
-22 -418 0
-22 -424 0
-22 -434 0
-22 -444 0
-26 -71 0
-26 -96 0
-26 -121 0
-26 -146 0
-26 -171 0
-26 -196 0
-26 -259 0
-26 -282 0
-26 -305 0
-26 -328 0
-26 -351 0
-26 -374 0
-26 -397 0
-26 -418 0
-26 -424 0
-26 -434 0
-26 -444 0
-71 -96 0
-71 -121 0
-71 -146 0
-71 -171 0
-71 -196 0
-71 -259 0
-71 -282 0
-71 -305 0
-71 -328 0
-71 -351 0
-71 -374 0
-71 -397 0
-71 -418 0
-71 -424 0
-71 -434 0
-71 -444 0
-96 -121 0
-96 -146 0
-96 -171 0
-96 -196 0
-96 -259 0
-96 -282 0
-96 -305 0
-96 -328 0
-96 -351 0
-96 -374 0
-96 -397 0
-96 -418 0
-96 -424 0
-96 -434 0
-96 -444 0
-121 -146 0
-121 -171 0
-121 -196 0
-121 -259 0
-121 -282 0
-121 -305 0
-121 -328 0
-121 -351 0
-121 -374 0
-121 -397 0
-121 -418 0
-121 -424 0
-121 -434 0
-121 -444 0
-146 -171 0
-146 -196 0
-146 -259 0
-146 -282 0
-146 -305 0
-146 -328 0
-146 -351 0
-146 -374 0
-146 -397 0
-146 -418 0
-146 -424 0
-146 -434 0
-146 -444 0
-171 -196 0
-171 -259 0
-171 -282 0
-171 -305 0
-171 -328 0
-171 -351 0
-171 -374 0
-171 -397 0
-171 -418 0
-171 -424 0
-171 -434 0
-171 -444 0
-196 -259 0
-196 -282 0
-196 -305 0
-196 -328 0
-196 -351 0
-196 -374 0
-196 -397 0
-196 -418 0
-196 -424 0
-196 -434 0
-196 -444 0
-259 -282 0
-259 -305 0
-259 -328 0
-259 -351 0
-259 -374 0
-259 -397 0
-259 -418 0
-259 -424 0
-259 -434 0
-259 -444 0
-282 -305 0
-282 -328 0
-282 -351 0
-282 -374 0
-282 -397 0
-282 -418 0
-282 -424 0
-282 -434 0
-282 -444 0
-305 -328 0
-305 -351 0
-305 -374 0
-305 -397 0
-305 -418 0
-305 -424 0
-305 -434 0
-305 -444 0
-328 -351 0
-328 -374 0
-328 -397 0
-328 -418 0
-328 -424 0
-328 -434 0
-328 -444 0
-351 -374 0
-351 -397 0
-351 -418 0
-351 -424 0
-351 -434 0
-351 -444 0
-374 -397 0
-374 -418 0
-374 -424 0
-374 -434 0
-374 -444 0
-397 -418 0
-397 -424 0
-397 -434 0
-397 -444 0
-418 -424 0
-418 -434 0
-418 -444 0
-424 -434 0
-424 -444 0
-434 -444 0
23 27 72 97 122 147 172 197 260 283 306 329 352 375 398 0
-23 -27 0
-23 -72 0
-23 -97 0
-23 -122 0
-23 -147 0
-23 -172 0
-23 -197 0
-23 -260 0
-23 -283 0
-23 -306 0
-23 -329 0
-23 -352 0
-23 -375 0
-23 -398 0
-27 -72 0
-27 -97 0
-27 -122 0
-27 -147 0
-27 -172 0
-27 -197 0
-27 -260 0
-27 -283 0
-27 -306 0
-27 -329 0
-27 -352 0
-27 -375 0
-27 -398 0
-72 -97 0
-72 -122 0
-72 -147 0
-72 -172 0
-72 -197 0
-72 -260 0
-72 -283 0
-72 -306 0
-72 -329 0
-72 -352 0
-72 -375 0
-72 -398 0
-97 -122 0
-97 -147 0
-97 -172 0
-97 -197 0
-97 -260 0
-97 -283 0
-97 -306 0
-97 -329 0
-97 -352 0
-97 -375 0
-97 -398 0
-122 -147 0
-122 -172 0
-122 -197 0
-122 -260 0
-122 -283 0
-122 -306 0
-122 -329 0
-122 -352 0
-122 -375 0
-122 -398 0
-147 -172 0
-147 -197 0
-147 -260 0
-147 -283 0
-147 -306 0
-147 -329 0
-147 -352 0
-147 -375 0
-147 -398 0
-172 -197 0
-172 -260 0
-172 -283 0
-172 -306 0
-172 -329 0
-172 -352 0
-172 -375 0
-172 -398 0
-197 -260 0
-197 -283 0
-197 -306 0
-197 -329 0
-197 -352 0
-197 -375 0
-197 -398 0
-260 -283 0
-260 -306 0
-260 -329 0
-260 -352 0
-260 -375 0
-260 -398 0
-283 -306 0
-283 -329 0
-283 -352 0
-283 -375 0
-283 -398 0
-306 -329 0
-306 -352 0
-306 -375 0
-306 -398 0
-329 -352 0
-329 -375 0
-329 -398 0
-352 -375 0
-352 -398 0
-375 -398 0
73 98 123 148 173 198 261 284 307 330 353 376 399 419 425 435 445 0
-73 -98 0
-73 -123 0
-73 -148 0
-73 -173 0
-73 -198 0
-73 -261 0
-73 -284 0
-73 -307 0
-73 -330 0
-73 -353 0
-73 -376 0
-73 -399 0
-73 -419 0
-73 -425 0
-73 -435 0
-73 -445 0
-98 -123 0
-98 -148 0
-98 -173 0
-98 -198 0
-98 -261 0
-98 -284 0
-98 -307 0
-98 -330 0
-98 -353 0
-98 -376 0
-98 -399 0
-98 -419 0
-98 -425 0
-98 -435 0
-98 -445 0
-123 -148 0
-123 -173 0
-123 -198 0
-123 -261 0
-123 -284 0
-123 -307 0
-123 -330 0
-123 -353 0
-123 -376 0
-123 -399 0
-123 -419 0
-123 -425 0
-123 -435 0
-123 -445 0
-148 -173 0
-148 -198 0
-148 -261 0
-148 -284 0
-148 -307 0
-148 -330 0
-148 -353 0
-148 -376 0
-148 -399 0
-148 -419 0
-148 -425 0
-148 -435 0
-148 -445 0
-173 -198 0
-173 -261 0
-173 -284 0
-173 -307 0
-173 -330 0
-173 -353 0
-173 -376 0
-173 -399 0
-173 -419 0
-173 -425 0
-173 -435 0
-173 -445 0
-198 -261 0
-198 -284 0
-198 -307 0
-198 -330 0
-198 -353 0
-198 -376 0
-198 -399 0
-198 -419 0
-198 -425 0
-198 -435 0
-198 -445 0
-261 -284 0
-261 -307 0
-261 -330 0
-261 -353 0
-261 -376 0
-261 -399 0
-261 -419 0
-261 -425 0
-261 -435 0
-261 -445 0
-284 -307 0
-284 -330 0
-284 -353 0
-284 -376 0
-284 -399 0
-284 -419 0
-284 -425 0
-284 -435 0
-284 -445 0
-307 -330 0
-307 -353 0
-307 -376 0
-307 -399 0
-307 -419 0
-307 -425 0
-307 -435 0
-307 -445 0
-330 -353 0
-330 -376 0
-330 -399 0
-330 -419 0
-330 -425 0
-330 -435 0
-330 -445 0
-353 -376 0
-353 -399 0
-353 -419 0
-353 -425 0
-353 -435 0
-353 -445 0
-376 -399 0
-376 -419 0
-376 -425 0
-376 -435 0
-376 -445 0
-399 -419 0
-399 -425 0
-399 -435 0
-399 -445 0
-419 -425 0
-419 -435 0
-419 -445 0
-425 -435 0
-425 -445 0
-435 -445 0
74 99 124 149 174 199 262 285 308 331 354 377 400 420 426 436 446 0
-74 -99 0
-74 -124 0
-74 -149 0
-74 -174 0
-74 -199 0
-74 -262 0
-74 -285 0
-74 -308 0
-74 -331 0
-74 -354 0
-74 -377 0
-74 -400 0
-74 -420 0
-74 -426 0
-74 -436 0
-74 -446 0
-99 -124 0
-99 -149 0
-99 -174 0
-99 -199 0
-99 -262 0
-99 -285 0
-99 -308 0
-99 -331 0
-99 -354 0
-99 -377 0
-99 -400 0
-99 -420 0
-99 -426 0
-99 -436 0
-99 -446 0
-124 -149 0
-124 -174 0
-124 -199 0
-124 -262 0
-124 -285 0
-124 -308 0
-124 -331 0
-124 -354 0
-124 -377 0
-124 -400 0
-124 -420 0
-124 -426 0
-124 -436 0
-124 -446 0
-149 -174 0
-149 -199 0
-149 -262 0
-149 -285 0
-149 -308 0
-149 -331 0
-149 -354 0
-149 -377 0
-149 -400 0
-149 -420 0
-149 -426 0
-149 -436 0
-149 -446 0
-174 -199 0
-174 -262 0
-174 -285 0
-174 -308 0
-174 -331 0
-174 -354 0
-174 -377 0
-174 -400 0
-174 -420 0
-174 -426 0
-174 -436 0
-174 -446 0
-199 -262 0
-199 -285 0
-199 -308 0
-199 -331 0
-199 -354 0
-199 -377 0
-199 -400 0
-199 -420 0
-199 -426 0
-199 -436 0
-199 -446 0
-262 -285 0
-262 -308 0
-262 -331 0
-262 -354 0
-262 -377 0
-262 -400 0
-262 -420 0
-262 -426 0
-262 -436 0
-262 -446 0
-285 -308 0
-285 -331 0
-285 -354 0
-285 -377 0
-285 -400 0
-285 -420 0
-285 -426 0
-285 -436 0
-285 -446 0
-308 -331 0
-308 -354 0
-308 -377 0
-308 -400 0
-308 -420 0
-308 -426 0
-308 -436 0
-308 -446 0
-331 -354 0
-331 -377 0
-331 -400 0
-331 -420 0
-331 -426 0
-331 -436 0
-331 -446 0
-354 -377 0
-354 -400 0
-354 -420 0
-354 -426 0
-354 -436 0
-354 -446 0
-377 -400 0
-377 -420 0
-377 -426 0
-377 -436 0
-377 -446 0
-400 -420 0
-400 -426 0
-400 -436 0
-400 -446 0
-420 -426 0
-420 -436 0
-420 -446 0
-426 -436 0
-426 -446 0
-436 -446 0
24 28 75 100 125 150 175 200 263 286 309 332 355 378 401 0
-24 -28 0
-24 -75 0
-24 -100 0
-24 -125 0
-24 -150 0
-24 -175 0
-24 -200 0
-24 -263 0
-24 -286 0
-24 -309 0
-24 -332 0
-24 -355 0
-24 -378 0
-24 -401 0
-28 -75 0
-28 -100 0
-28 -125 0
-28 -150 0
-28 -175 0
-28 -200 0
-28 -263 0
-28 -286 0
-28 -309 0
-28 -332 0
-28 -355 0
-28 -378 0
-28 -401 0
-75 -100 0
-75 -125 0
-75 -150 0
-75 -175 0
-75 -200 0
-75 -263 0
-75 -286 0
-75 -309 0
-75 -332 0
-75 -355 0
-75 -378 0
-75 -401 0
-100 -125 0
-100 -150 0
-100 -175 0
-100 -200 0
-100 -263 0
-100 -286 0
-100 -309 0
-100 -332 0
-100 -355 0
-100 -378 0
-100 -401 0
-125 -150 0
-125 -175 0
-125 -200 0
-125 -263 0
-125 -286 0
-125 -309 0
-125 -332 0
-125 -355 0
-125 -378 0
-125 -401 0
-150 -175 0
-150 -200 0
-150 -263 0
-150 -286 0
-150 -309 0
-150 -332 0
-150 -355 0
-150 -378 0
-150 -401 0
-175 -200 0
-175 -263 0
-175 -286 0
-175 -309 0
-175 -332 0
-175 -355 0
-175 -378 0
-175 -401 0
-200 -263 0
-200 -286 0
-200 -309 0
-200 -332 0
-200 -355 0
-200 -378 0
-200 -401 0
-263 -286 0
-263 -309 0
-263 -332 0
-263 -355 0
-263 -378 0
-263 -401 0
-286 -309 0
-286 -332 0
-286 -355 0
-286 -378 0
-286 -401 0
-309 -332 0
-309 -355 0
-309 -378 0
-309 -401 0
-332 -355 0
-332 -378 0
-332 -401 0
-355 -378 0
-355 -401 0
-378 -401 0
32 44 56 76 101 126 151 176 201 264 287 310 333 356 379 402 427 437 447 0
-32 -44 0
-32 -56 0
-32 -76 0
-32 -101 0
-32 -126 0
-32 -151 0
-32 -176 0
-32 -201 0
-32 -264 0
-32 -287 0
-32 -310 0
-32 -333 0
-32 -356 0
-32 -379 0
-32 -402 0
-32 -427 0
-32 -437 0
-32 -447 0
-44 -56 0
-44 -76 0
-44 -101 0
-44 -126 0
-44 -151 0
-44 -176 0
-44 -201 0
-44 -264 0
-44 -287 0
-44 -310 0
-44 -333 0
-44 -356 0
-44 -379 0
-44 -402 0
-44 -427 0
-44 -437 0
-44 -447 0
-56 -76 0
-56 -101 0
-56 -126 0
-56 -151 0
-56 -176 0
-56 -201 0
-56 -264 0
-56 -287 0
-56 -310 0
-56 -333 0
-56 -356 0
-56 -379 0
-56 -402 0
-56 -427 0
-56 -437 0
-56 -447 0
-76 -101 0
-76 -126 0
-76 -151 0
-76 -176 0
-76 -201 0
-76 -264 0
-76 -287 0
-76 -310 0
-76 -333 0
-76 -356 0
-76 -379 0
-76 -402 0
-76 -427 0
-76 -437 0
-76 -447 0
-101 -126 0
-101 -151 0
-101 -176 0
-101 -201 0
-101 -264 0
-101 -287 0
-101 -310 0
-101 -333 0
-101 -356 0
-101 -379 0
-101 -402 0
-101 -427 0
-101 -437 0
-101 -447 0
-126 -151 0
-126 -176 0
-126 -201 0
-126 -264 0
-126 -287 0
-126 -310 0
-126 -333 0
-126 -356 0
-126 -379 0
-126 -402 0
-126 -427 0
-126 -437 0
-126 -447 0
-151 -176 0
-151 -201 0
-151 -264 0
-151 -287 0
-151 -310 0
-151 -333 0
-151 -356 0
-151 -379 0
-151 -402 0
-151 -427 0
-151 -437 0
-151 -447 0
-176 -201 0
-176 -264 0
-176 -287 0
-176 -310 0
-176 -333 0
-176 -356 0
-176 -379 0
-176 -402 0
-176 -427 0
-176 -437 0
-176 -447 0
-201 -264 0
-201 -287 0
-201 -310 0
-201 -333 0
-201 -356 0
-201 -379 0
-201 -402 0
-201 -427 0
-201 -437 0
-201 -447 0
-264 -287 0
-264 -310 0
-264 -333 0
-264 -356 0
-264 -379 0
-264 -402 0
-264 -427 0
-264 -437 0
-264 -447 0
-287 -310 0
-287 -333 0
-287 -356 0
-287 -379 0
-287 -402 0
-287 -427 0
-287 -437 0
-287 -447 0
-310 -333 0
-310 -356 0
-310 -379 0
-310 -402 0
-310 -427 0
-310 -437 0
-310 -447 0
-333 -356 0
-333 -379 0
-333 -402 0
-333 -427 0
-333 -437 0
-333 -447 0
-356 -379 0
-356 -402 0
-356 -427 0
-356 -437 0
-356 -447 0
-379 -402 0
-379 -427 0
-379 -437 0
-379 -447 0
-402 -427 0
-402 -437 0
-402 -447 0
-427 -437 0
-427 -447 0
-437 -447 0
33 45 57 77 102 127 152 177 202 265 288 311 334 357 380 403 428 438 448 0
-33 -45 0
-33 -57 0
-33 -77 0
-33 -102 0
-33 -127 0
-33 -152 0
-33 -177 0
-33 -202 0
-33 -265 0
-33 -288 0
-33 -311 0
-33 -334 0
-33 -357 0
-33 -380 0
-33 -403 0
-33 -428 0
-33 -438 0
-33 -448 0
-45 -57 0
-45 -77 0
-45 -102 0
-45 -127 0
-45 -152 0
-45 -177 0
-45 -202 0
-45 -265 0
-45 -288 0
-45 -311 0
-45 -334 0
-45 -357 0
-45 -380 0
-45 -403 0
-45 -428 0
-45 -438 0
-45 -448 0
-57 -77 0
-57 -102 0
-57 -127 0
-57 -152 0
-57 -177 0
-57 -202 0
-57 -265 0
-57 -288 0
-57 -311 0
-57 -334 0
-57 -357 0
-57 -380 0
-57 -403 0
-57 -428 0
-57 -438 0
-57 -448 0
-77 -102 0
-77 -127 0
-77 -152 0
-77 -177 0
-77 -202 0
-77 -265 0
-77 -288 0
-77 -311 0
-77 -334 0
-77 -357 0
-77 -380 0
-77 -403 0
-77 -428 0
-77 -438 0
-77 -448 0
-102 -127 0
-102 -152 0
-102 -177 0
-102 -202 0
-102 -265 0
-102 -288 0
-102 -311 0
-102 -334 0
-102 -357 0
-102 -380 0
-102 -403 0
-102 -428 0
-102 -438 0
-102 -448 0
-127 -152 0
-127 -177 0
-127 -202 0
-127 -265 0
-127 -288 0
-127 -311 0
-127 -334 0
-127 -357 0
-127 -380 0
-127 -403 0
-127 -428 0
-127 -438 0
-127 -448 0
-152 -177 0
-152 -202 0
-152 -265 0
-152 -288 0
-152 -311 0
-152 -334 0
-152 -357 0
-152 -380 0
-152 -403 0
-152 -428 0
-152 -438 0
-152 -448 0
-177 -202 0
-177 -265 0
-177 -288 0
-177 -311 0
-177 -334 0
-177 -357 0
-177 -380 0
-177 -403 0
-177 -428 0
-177 -438 0
-177 -448 0
-202 -265 0
-202 -288 0
-202 -311 0
-202 -334 0
-202 -357 0
-202 -380 0
-202 -403 0
-202 -428 0
-202 -438 0
-202 -448 0
-265 -288 0
-265 -311 0
-265 -334 0
-265 -357 0
-265 -380 0
-265 -403 0
-265 -428 0
-265 -438 0
-265 -448 0
-288 -311 0
-288 -334 0
-288 -357 0
-288 -380 0
-288 -403 0
-288 -428 0
-288 -438 0
-288 -448 0
-311 -334 0
-311 -357 0
-311 -380 0
-311 -403 0
-311 -428 0
-311 -438 0
-311 -448 0
-334 -357 0
-334 -380 0
-334 -403 0
-334 -428 0
-334 -438 0
-334 -448 0
-357 -380 0
-357 -403 0
-357 -428 0
-357 -438 0
-357 -448 0
-380 -403 0
-380 -428 0
-380 -438 0
-380 -448 0
-403 -428 0
-403 -438 0
-403 -448 0
-428 -438 0
-428 -448 0
-438 -448 0
25 29 78 103 128 153 178 203 254 266 289 312 335 358 381 404 0
-25 -29 0
-25 -78 0
-25 -103 0
-25 -128 0
-25 -153 0
-25 -178 0
-25 -203 0
-25 -254 0
-25 -266 0
-25 -289 0
-25 -312 0
-25 -335 0
-25 -358 0
-25 -381 0
-25 -404 0
-29 -78 0
-29 -103 0
-29 -128 0
-29 -153 0
-29 -178 0
-29 -203 0
-29 -254 0
-29 -266 0
-29 -289 0
-29 -312 0
-29 -335 0
-29 -358 0
-29 -381 0
-29 -404 0
-78 -103 0
-78 -128 0
-78 -153 0
-78 -178 0
-78 -203 0
-78 -254 0
-78 -266 0
-78 -289 0
-78 -312 0
-78 -335 0
-78 -358 0
-78 -381 0
-78 -404 0
-103 -128 0
-103 -153 0
-103 -178 0
-103 -203 0
-103 -254 0
-103 -266 0
-103 -289 0
-103 -312 0
-103 -335 0
-103 -358 0
-103 -381 0
-103 -404 0
-128 -153 0
-128 -178 0
-128 -203 0
-128 -254 0
-128 -266 0
-128 -289 0
-128 -312 0
-128 -335 0
-128 -358 0
-128 -381 0
-128 -404 0
-153 -178 0
-153 -203 0
-153 -254 0
-153 -266 0
-153 -289 0
-153 -312 0
-153 -335 0
-153 -358 0
-153 -381 0
-153 -404 0
-178 -203 0
-178 -254 0
-178 -266 0
-178 -289 0
-178 -312 0
-178 -335 0
-178 -358 0
-178 -381 0
-178 -404 0
-203 -254 0
-203 -266 0
-203 -289 0
-203 -312 0
-203 -335 0
-203 -358 0
-203 -381 0
-203 -404 0
-254 -266 0
-254 -289 0
-254 -312 0
-254 -335 0
-254 -358 0
-254 -381 0
-254 -404 0
-266 -289 0
-266 -312 0
-266 -335 0
-266 -358 0
-266 -381 0
-266 -404 0
-289 -312 0
-289 -335 0
-289 -358 0
-289 -381 0
-289 -404 0
-312 -335 0
-312 -358 0
-312 -381 0
-312 -404 0
-335 -358 0
-335 -381 0
-335 -404 0
-358 -381 0
-358 -404 0
-381 -404 0
34 46 58 79 104 129 154 179 204 267 290 313 336 359 382 405 429 439 449 0
-34 -46 0
-34 -58 0
-34 -79 0
-34 -104 0
-34 -129 0
-34 -154 0
-34 -179 0
-34 -204 0
-34 -267 0
-34 -290 0
-34 -313 0
-34 -336 0
-34 -359 0
-34 -382 0
-34 -405 0
-34 -429 0
-34 -439 0
-34 -449 0
-46 -58 0
-46 -79 0
-46 -104 0
-46 -129 0
-46 -154 0
-46 -179 0
-46 -204 0
-46 -267 0
-46 -290 0
-46 -313 0
-46 -336 0
-46 -359 0
-46 -382 0
-46 -405 0
-46 -429 0
-46 -439 0
-46 -449 0
-58 -79 0
-58 -104 0
-58 -129 0
-58 -154 0
-58 -179 0
-58 -204 0
-58 -267 0
-58 -290 0
-58 -313 0
-58 -336 0
-58 -359 0
-58 -382 0
-58 -405 0
-58 -429 0
-58 -439 0
-58 -449 0
-79 -104 0
-79 -129 0
-79 -154 0
-79 -179 0
-79 -204 0
-79 -267 0
-79 -290 0
-79 -313 0
-79 -336 0
-79 -359 0
-79 -382 0
-79 -405 0
-79 -429 0
-79 -439 0
-79 -449 0
-104 -129 0
-104 -154 0
-104 -179 0
-104 -204 0
-104 -267 0
-104 -290 0
-104 -313 0
-104 -336 0
-104 -359 0
-104 -382 0
-104 -405 0
-104 -429 0
-104 -439 0
-104 -449 0
-129 -154 0
-129 -179 0
-129 -204 0
-129 -267 0
-129 -290 0
-129 -313 0
-129 -336 0
-129 -359 0
-129 -382 0
-129 -405 0
-129 -429 0
-129 -439 0
-129 -449 0
-154 -179 0
-154 -204 0
-154 -267 0
-154 -290 0
-154 -313 0
-154 -336 0
-154 -359 0
-154 -382 0
-154 -405 0
-154 -429 0
-154 -439 0
-154 -449 0
-179 -204 0
-179 -267 0
-179 -290 0
-179 -313 0
-179 -336 0
-179 -359 0
-179 -382 0
-179 -405 0
-179 -429 0
-179 -439 0
-179 -449 0
-204 -267 0
-204 -290 0
-204 -313 0
-204 -336 0
-204 -359 0
-204 -382 0
-204 -405 0
-204 -429 0
-204 -439 0
-204 -449 0
-267 -290 0
-267 -313 0
-267 -336 0
-267 -359 0
-267 -382 0
-267 -405 0
-267 -429 0
-267 -439 0
-267 -449 0
-290 -313 0
-290 -336 0
-290 -359 0
-290 -382 0
-290 -405 0
-290 -429 0
-290 -439 0
-290 -449 0
-313 -336 0
-313 -359 0
-313 -382 0
-313 -405 0
-313 -429 0
-313 -439 0
-313 -449 0
-336 -359 0
-336 -382 0
-336 -405 0
-336 -429 0
-336 -439 0
-336 -449 0
-359 -382 0
-359 -405 0
-359 -429 0
-359 -439 0
-359 -449 0
-382 -405 0
-382 -429 0
-382 -439 0
-382 -449 0
-405 -429 0
-405 -439 0
-405 -449 0
-429 -439 0
-429 -449 0
-439 -449 0
35 47 59 80 105 130 155 180 205 268 291 314 337 360 383 406 430 440 450 0
-35 -47 0
-35 -59 0
-35 -80 0
-35 -105 0
-35 -130 0
-35 -155 0
-35 -180 0
-35 -205 0
-35 -268 0
-35 -291 0
-35 -314 0
-35 -337 0
-35 -360 0
-35 -383 0
-35 -406 0
-35 -430 0
-35 -440 0
-35 -450 0
-47 -59 0
-47 -80 0
-47 -105 0
-47 -130 0
-47 -155 0
-47 -180 0
-47 -205 0
-47 -268 0
-47 -291 0
-47 -314 0
-47 -337 0
-47 -360 0
-47 -383 0
-47 -406 0
-47 -430 0
-47 -440 0
-47 -450 0
-59 -80 0
-59 -105 0
-59 -130 0
-59 -155 0
-59 -180 0
-59 -205 0
-59 -268 0
-59 -291 0
-59 -314 0
-59 -337 0
-59 -360 0
-59 -383 0
-59 -406 0
-59 -430 0
-59 -440 0
-59 -450 0
-80 -105 0
-80 -130 0
-80 -155 0
-80 -180 0
-80 -205 0
-80 -268 0
-80 -291 0
-80 -314 0
-80 -337 0
-80 -360 0
-80 -383 0
-80 -406 0
-80 -430 0
-80 -440 0
-80 -450 0
-105 -130 0
-105 -155 0
-105 -180 0
-105 -205 0
-105 -268 0
-105 -291 0
-105 -314 0
-105 -337 0
-105 -360 0
-105 -383 0
-105 -406 0
-105 -430 0
-105 -440 0
-105 -450 0
-130 -155 0
-130 -180 0
-130 -205 0
-130 -268 0
-130 -291 0
-130 -314 0
-130 -337 0
-130 -360 0
-130 -383 0
-130 -406 0
-130 -430 0
-130 -440 0
-130 -450 0
-155 -180 0
-155 -205 0
-155 -268 0
-155 -291 0
-155 -314 0
-155 -337 0
-155 -360 0
-155 -383 0
-155 -406 0
-155 -430 0
-155 -440 0
-155 -450 0
-180 -205 0
-180 -268 0
-180 -291 0
-180 -314 0
-180 -337 0
-180 -360 0
-180 -383 0
-180 -406 0
-180 -430 0
-180 -440 0
-180 -450 0
-205 -268 0
-205 -291 0
-205 -314 0
-205 -337 0
-205 -360 0
-205 -383 0
-205 -406 0
-205 -430 0
-205 -440 0
-205 -450 0
-268 -291 0
-268 -314 0
-268 -337 0
-268 -360 0
-268 -383 0
-268 -406 0
-268 -430 0
-268 -440 0
-268 -450 0
-291 -314 0
-291 -337 0
-291 -360 0
-291 -383 0
-291 -406 0
-291 -430 0
-291 -440 0
-291 -450 0
-314 -337 0
-314 -360 0
-314 -383 0
-314 -406 0
-314 -430 0
-314 -440 0
-314 -450 0
-337 -360 0
-337 -383 0
-337 -406 0
-337 -430 0
-337 -440 0
-337 -450 0
-360 -383 0
-360 -406 0
-360 -430 0
-360 -440 0
-360 -450 0
-383 -406 0
-383 -430 0
-383 -440 0
-383 -450 0
-406 -430 0
-406 -440 0
-406 -450 0
-430 -440 0
-430 -450 0
-440 -450 0
255 269 292 315 338 361 384 407 0
-255 -269 0
-255 -292 0
-255 -315 0
-255 -338 0
-255 -361 0
-255 -384 0
-255 -407 0
-269 -292 0
-269 -315 0
-269 -338 0
-269 -361 0
-269 -384 0
-269 -407 0
-292 -315 0
-292 -338 0
-292 -361 0
-292 -384 0
-292 -407 0
-315 -338 0
-315 -361 0
-315 -384 0
-315 -407 0
-338 -361 0
-338 -384 0
-338 -407 0
-361 -384 0
-361 -407 0
-384 -407 0
36 48 60 81 106 131 156 181 206 218 230 242 270 293 316 339 362 385 408 0
-36 -48 0
-36 -60 0
-36 -81 0
-36 -106 0
-36 -131 0
-36 -156 0
-36 -181 0
-36 -206 0
-36 -218 0
-36 -230 0
-36 -242 0
-36 -270 0
-36 -293 0
-36 -316 0
-36 -339 0
-36 -362 0
-36 -385 0
-36 -408 0
-48 -60 0
-48 -81 0
-48 -106 0
-48 -131 0
-48 -156 0
-48 -181 0
-48 -206 0
-48 -218 0
-48 -230 0
-48 -242 0
-48 -270 0
-48 -293 0
-48 -316 0
-48 -339 0
-48 -362 0
-48 -385 0
-48 -408 0
-60 -81 0
-60 -106 0
-60 -131 0
-60 -156 0
-60 -181 0
-60 -206 0
-60 -218 0
-60 -230 0
-60 -242 0
-60 -270 0
-60 -293 0
-60 -316 0
-60 -339 0
-60 -362 0
-60 -385 0
-60 -408 0
-81 -106 0
-81 -131 0
-81 -156 0
-81 -181 0
-81 -206 0
-81 -218 0
-81 -230 0
-81 -242 0
-81 -270 0
-81 -293 0
-81 -316 0
-81 -339 0
-81 -362 0
-81 -385 0
-81 -408 0
-106 -131 0
-106 -156 0
-106 -181 0
-106 -206 0
-106 -218 0
-106 -230 0
-106 -242 0
-106 -270 0
-106 -293 0
-106 -316 0
-106 -339 0
-106 -362 0
-106 -385 0
-106 -408 0
-131 -156 0
-131 -181 0
-131 -206 0
-131 -218 0
-131 -230 0
-131 -242 0
-131 -270 0
-131 -293 0
-131 -316 0
-131 -339 0
-131 -362 0
-131 -385 0
-131 -408 0
-156 -181 0
-156 -206 0
-156 -218 0
-156 -230 0
-156 -242 0
-156 -270 0
-156 -293 0
-156 -316 0
-156 -339 0
-156 -362 0
-156 -385 0
-156 -408 0
-181 -206 0
-181 -218 0
-181 -230 0
-181 -242 0
-181 -270 0
-181 -293 0
-181 -316 0
-181 -339 0
-181 -362 0
-181 -385 0
-181 -408 0
-206 -218 0
-206 -230 0
-206 -242 0
-206 -270 0
-206 -293 0
-206 -316 0
-206 -339 0
-206 -362 0
-206 -385 0
-206 -408 0
-218 -230 0
-218 -242 0
-218 -270 0
-218 -293 0
-218 -316 0
-218 -339 0
-218 -362 0
-218 -385 0
-218 -408 0
-230 -242 0
-230 -270 0
-230 -293 0
-230 -316 0
-230 -339 0
-230 -362 0
-230 -385 0
-230 -408 0
-242 -270 0
-242 -293 0
-242 -316 0
-242 -339 0
-242 -362 0
-242 -385 0
-242 -408 0
-270 -293 0
-270 -316 0
-270 -339 0
-270 -362 0
-270 -385 0
-270 -408 0
-293 -316 0
-293 -339 0
-293 -362 0
-293 -385 0
-293 -408 0
-316 -339 0
-316 -362 0
-316 -385 0
-316 -408 0
-339 -362 0
-339 -385 0
-339 -408 0
-362 -385 0
-362 -408 0
-385 -408 0
37 49 61 82 107 132 157 182 207 219 231 243 271 294 317 340 363 386 409 0
-37 -49 0
-37 -61 0
-37 -82 0
-37 -107 0
-37 -132 0
-37 -157 0
-37 -182 0
-37 -207 0
-37 -219 0
-37 -231 0
-37 -243 0
-37 -271 0
-37 -294 0
-37 -317 0
-37 -340 0
-37 -363 0
-37 -386 0
-37 -409 0
-49 -61 0
-49 -82 0
-49 -107 0
-49 -132 0
-49 -157 0
-49 -182 0
-49 -207 0
-49 -219 0
-49 -231 0
-49 -243 0
-49 -271 0
-49 -294 0
-49 -317 0
-49 -340 0
-49 -363 0
-49 -386 0
-49 -409 0
-61 -82 0
-61 -107 0
-61 -132 0
-61 -157 0
-61 -182 0
-61 -207 0
-61 -219 0
-61 -231 0
-61 -243 0
-61 -271 0
-61 -294 0
-61 -317 0
-61 -340 0
-61 -363 0
-61 -386 0
-61 -409 0
-82 -107 0
-82 -132 0
-82 -157 0
-82 -182 0
-82 -207 0
-82 -219 0
-82 -231 0
-82 -243 0
-82 -271 0
-82 -294 0
-82 -317 0
-82 -340 0
-82 -363 0
-82 -386 0
-82 -409 0
-107 -132 0
-107 -157 0
-107 -182 0
-107 -207 0
-107 -219 0
-107 -231 0
-107 -243 0
-107 -271 0
-107 -294 0
-107 -317 0
-107 -340 0
-107 -363 0
-107 -386 0
-107 -409 0
-132 -157 0
-132 -182 0
-132 -207 0
-132 -219 0
-132 -231 0
-132 -243 0
-132 -271 0
-132 -294 0
-132 -317 0
-132 -340 0
-132 -363 0
-132 -386 0
-132 -409 0
-157 -182 0
-157 -207 0
-157 -219 0
-157 -231 0
-157 -243 0
-157 -271 0
-157 -294 0
-157 -317 0
-157 -340 0
-157 -363 0
-157 -386 0
-157 -409 0
-182 -207 0
-182 -219 0
-182 -231 0
-182 -243 0
-182 -271 0
-182 -294 0
-182 -317 0
-182 -340 0
-182 -363 0
-182 -386 0
-182 -409 0
-207 -219 0
-207 -231 0
-207 -243 0
-207 -271 0
-207 -294 0
-207 -317 0
-207 -340 0
-207 -363 0
-207 -386 0
-207 -409 0
-219 -231 0
-219 -243 0
-219 -271 0
-219 -294 0
-219 -317 0
-219 -340 0
-219 -363 0
-219 -386 0
-219 -409 0
-231 -243 0
-231 -271 0
-231 -294 0
-231 -317 0
-231 -340 0
-231 -363 0
-231 -386 0
-231 -409 0
-243 -271 0
-243 -294 0
-243 -317 0
-243 -340 0
-243 -363 0
-243 -386 0
-243 -409 0
-271 -294 0
-271 -317 0
-271 -340 0
-271 -363 0
-271 -386 0
-271 -409 0
-294 -317 0
-294 -340 0
-294 -363 0
-294 -386 0
-294 -409 0
-317 -340 0
-317 -363 0
-317 -386 0
-317 -409 0
-340 -363 0
-340 -386 0
-340 -409 0
-363 -386 0
-363 -409 0
-386 -409 0
38 50 62 83 108 133 158 183 208 220 232 244 272 295 318 341 364 387 410 0
-38 -50 0
-38 -62 0
-38 -83 0
-38 -108 0
-38 -133 0
-38 -158 0
-38 -183 0
-38 -208 0
-38 -220 0
-38 -232 0
-38 -244 0
-38 -272 0
-38 -295 0
-38 -318 0
-38 -341 0
-38 -364 0
-38 -387 0
-38 -410 0
-50 -62 0
-50 -83 0
-50 -108 0
-50 -133 0
-50 -158 0
-50 -183 0
-50 -208 0
-50 -220 0
-50 -232 0
-50 -244 0
-50 -272 0
-50 -295 0
-50 -318 0
-50 -341 0
-50 -364 0
-50 -387 0
-50 -410 0
-62 -83 0
-62 -108 0
-62 -133 0
-62 -158 0
-62 -183 0
-62 -208 0
-62 -220 0
-62 -232 0
-62 -244 0
-62 -272 0
-62 -295 0
-62 -318 0
-62 -341 0
-62 -364 0
-62 -387 0
-62 -410 0
-83 -108 0
-83 -133 0
-83 -158 0
-83 -183 0
-83 -208 0
-83 -220 0
-83 -232 0
-83 -244 0
-83 -272 0
-83 -295 0
-83 -318 0
-83 -341 0
-83 -364 0
-83 -387 0
-83 -410 0
-108 -133 0
-108 -158 0
-108 -183 0
-108 -208 0
-108 -220 0
-108 -232 0
-108 -244 0
-108 -272 0
-108 -295 0
-108 -318 0
-108 -341 0
-108 -364 0
-108 -387 0
-108 -410 0
-133 -158 0
-133 -183 0
-133 -208 0
-133 -220 0
-133 -232 0
-133 -244 0
-133 -272 0
-133 -295 0
-133 -318 0
-133 -341 0
-133 -364 0
-133 -387 0
-133 -410 0
-158 -183 0
-158 -208 0
-158 -220 0
-158 -232 0
-158 -244 0
-158 -272 0
-158 -295 0
-158 -318 0
-158 -341 0
-158 -364 0
-158 -387 0
-158 -410 0
-183 -208 0
-183 -220 0
-183 -232 0
-183 -244 0
-183 -272 0
-183 -295 0
-183 -318 0
-183 -341 0
-183 -364 0
-183 -387 0
-183 -410 0
-208 -220 0
-208 -232 0
-208 -244 0
-208 -272 0
-208 -295 0
-208 -318 0
-208 -341 0
-208 -364 0
-208 -387 0
-208 -410 0
-220 -232 0
-220 -244 0
-220 -272 0
-220 -295 0
-220 -318 0
-220 -341 0
-220 -364 0
-220 -387 0
-220 -410 0
-232 -244 0
-232 -272 0
-232 -295 0
-232 -318 0
-232 -341 0
-232 -364 0
-232 -387 0
-232 -410 0
-244 -272 0
-244 -295 0
-244 -318 0
-244 -341 0
-244 -364 0
-244 -387 0
-244 -410 0
-272 -295 0
-272 -318 0
-272 -341 0
-272 -364 0
-272 -387 0
-272 -410 0
-295 -318 0
-295 -341 0
-295 -364 0
-295 -387 0
-295 -410 0
-318 -341 0
-318 -364 0
-318 -387 0
-318 -410 0
-341 -364 0
-341 -387 0
-341 -410 0
-364 -387 0
-364 -410 0
-387 -410 0
84 109 134 159 184 209 221 233 245 273 296 319 342 365 388 411 0
-84 -109 0
-84 -134 0
-84 -159 0
-84 -184 0
-84 -209 0
-84 -221 0
-84 -233 0
-84 -245 0
-84 -273 0
-84 -296 0
-84 -319 0
-84 -342 0
-84 -365 0
-84 -388 0
-84 -411 0
-109 -134 0
-109 -159 0
-109 -184 0
-109 -209 0
-109 -221 0
-109 -233 0
-109 -245 0
-109 -273 0
-109 -296 0
-109 -319 0
-109 -342 0
-109 -365 0
-109 -388 0
-109 -411 0
-134 -159 0
-134 -184 0
-134 -209 0
-134 -221 0
-134 -233 0
-134 -245 0
-134 -273 0
-134 -296 0
-134 -319 0
-134 -342 0
-134 -365 0
-134 -388 0
-134 -411 0
-159 -184 0
-159 -209 0
-159 -221 0
-159 -233 0
-159 -245 0
-159 -273 0
-159 -296 0
-159 -319 0
-159 -342 0
-159 -365 0
-159 -388 0
-159 -411 0
-184 -209 0
-184 -221 0
-184 -233 0
-184 -245 0
-184 -273 0
-184 -296 0
-184 -319 0
-184 -342 0
-184 -365 0
-184 -388 0
-184 -411 0
-209 -221 0
-209 -233 0
-209 -245 0
-209 -273 0
-209 -296 0
-209 -319 0
-209 -342 0
-209 -365 0
-209 -388 0
-209 -411 0
-221 -233 0
-221 -245 0
-221 -273 0
-221 -296 0
-221 -319 0
-221 -342 0
-221 -365 0
-221 -388 0
-221 -411 0
-233 -245 0
-233 -273 0
-233 -296 0
-233 -319 0
-233 -342 0
-233 -365 0
-233 -388 0
-233 -411 0
-245 -273 0
-245 -296 0
-245 -319 0
-245 -342 0
-245 -365 0
-245 -388 0
-245 -411 0
-273 -296 0
-273 -319 0
-273 -342 0
-273 -365 0
-273 -388 0
-273 -411 0
-296 -319 0
-296 -342 0
-296 -365 0
-296 -388 0
-296 -411 0
-319 -342 0
-319 -365 0
-319 -388 0
-319 -411 0
-342 -365 0
-342 -388 0
-342 -411 0
-365 -388 0
-365 -411 0
-388 -411 0
39 51 63 85 110 135 160 185 210 222 234 246 274 297 320 343 366 389 412 0
-39 -51 0
-39 -63 0
-39 -85 0
-39 -110 0
-39 -135 0
-39 -160 0
-39 -185 0
-39 -210 0
-39 -222 0
-39 -234 0
-39 -246 0
-39 -274 0
-39 -297 0
-39 -320 0
-39 -343 0
-39 -366 0
-39 -389 0
-39 -412 0
-51 -63 0
-51 -85 0
-51 -110 0
-51 -135 0
-51 -160 0
-51 -185 0
-51 -210 0
-51 -222 0
-51 -234 0
-51 -246 0
-51 -274 0
-51 -297 0
-51 -320 0
-51 -343 0
-51 -366 0
-51 -389 0
-51 -412 0
-63 -85 0
-63 -110 0
-63 -135 0
-63 -160 0
-63 -185 0
-63 -210 0
-63 -222 0
-63 -234 0
-63 -246 0
-63 -274 0
-63 -297 0
-63 -320 0
-63 -343 0
-63 -366 0
-63 -389 0
-63 -412 0
-85 -110 0
-85 -135 0
-85 -160 0
-85 -185 0
-85 -210 0
-85 -222 0
-85 -234 0
-85 -246 0
-85 -274 0
-85 -297 0
-85 -320 0
-85 -343 0
-85 -366 0
-85 -389 0
-85 -412 0
-110 -135 0
-110 -160 0
-110 -185 0
-110 -210 0
-110 -222 0
-110 -234 0
-110 -246 0
-110 -274 0
-110 -297 0
-110 -320 0
-110 -343 0
-110 -366 0
-110 -389 0
-110 -412 0
-135 -160 0
-135 -185 0
-135 -210 0
-135 -222 0
-135 -234 0
-135 -246 0
-135 -274 0
-135 -297 0
-135 -320 0
-135 -343 0
-135 -366 0
-135 -389 0
-135 -412 0
-160 -185 0
-160 -210 0
-160 -222 0
-160 -234 0
-160 -246 0
-160 -274 0
-160 -297 0
-160 -320 0
-160 -343 0
-160 -366 0
-160 -389 0
-160 -412 0
-185 -210 0
-185 -222 0
-185 -234 0
-185 -246 0
-185 -274 0
-185 -297 0
-185 -320 0
-185 -343 0
-185 -366 0
-185 -389 0
-185 -412 0
-210 -222 0
-210 -234 0
-210 -246 0
-210 -274 0
-210 -297 0
-210 -320 0
-210 -343 0
-210 -366 0
-210 -389 0
-210 -412 0
-222 -234 0
-222 -246 0
-222 -274 0
-222 -297 0
-222 -320 0
-222 -343 0
-222 -366 0
-222 -389 0
-222 -412 0
-234 -246 0
-234 -274 0
-234 -297 0
-234 -320 0
-234 -343 0
-234 -366 0
-234 -389 0
-234 -412 0
-246 -274 0
-246 -297 0
-246 -320 0
-246 -343 0
-246 -366 0
-246 -389 0
-246 -412 0
-274 -297 0
-274 -320 0
-274 -343 0
-274 -366 0
-274 -389 0
-274 -412 0
-297 -320 0
-297 -343 0
-297 -366 0
-297 -389 0
-297 -412 0
-320 -343 0
-320 -366 0
-320 -389 0
-320 -412 0
-343 -366 0
-343 -389 0
-343 -412 0
-366 -389 0
-366 -412 0
-389 -412 0
40 52 64 86 111 136 161 186 211 223 235 247 275 298 321 344 367 390 413 0
-40 -52 0
-40 -64 0
-40 -86 0
-40 -111 0
-40 -136 0
-40 -161 0
-40 -186 0
-40 -211 0
-40 -223 0
-40 -235 0
-40 -247 0
-40 -275 0
-40 -298 0
-40 -321 0
-40 -344 0
-40 -367 0
-40 -390 0
-40 -413 0
-52 -64 0
-52 -86 0
-52 -111 0
-52 -136 0
-52 -161 0
-52 -186 0
-52 -211 0
-52 -223 0
-52 -235 0
-52 -247 0
-52 -275 0
-52 -298 0
-52 -321 0
-52 -344 0
-52 -367 0
-52 -390 0
-52 -413 0
-64 -86 0
-64 -111 0
-64 -136 0
-64 -161 0
-64 -186 0
-64 -211 0
-64 -223 0
-64 -235 0
-64 -247 0
-64 -275 0
-64 -298 0
-64 -321 0
-64 -344 0
-64 -367 0
-64 -390 0
-64 -413 0
-86 -111 0
-86 -136 0
-86 -161 0
-86 -186 0
-86 -211 0
-86 -223 0
-86 -235 0
-86 -247 0
-86 -275 0
-86 -298 0
-86 -321 0
-86 -344 0
-86 -367 0
-86 -390 0
-86 -413 0
-111 -136 0
-111 -161 0
-111 -186 0
-111 -211 0
-111 -223 0
-111 -235 0
-111 -247 0
-111 -275 0
-111 -298 0
-111 -321 0
-111 -344 0
-111 -367 0
-111 -390 0
-111 -413 0
-136 -161 0
-136 -186 0
-136 -211 0
-136 -223 0
-136 -235 0
-136 -247 0
-136 -275 0
-136 -298 0
-136 -321 0
-136 -344 0
-136 -367 0
-136 -390 0
-136 -413 0
-161 -186 0
-161 -211 0
-161 -223 0
-161 -235 0
-161 -247 0
-161 -275 0
-161 -298 0
-161 -321 0
-161 -344 0
-161 -367 0
-161 -390 0
-161 -413 0
-186 -211 0
-186 -223 0
-186 -235 0
-186 -247 0
-186 -275 0
-186 -298 0
-186 -321 0
-186 -344 0
-186 -367 0
-186 -390 0
-186 -413 0
-211 -223 0
-211 -235 0
-211 -247 0
-211 -275 0
-211 -298 0
-211 -321 0
-211 -344 0
-211 -367 0
-211 -390 0
-211 -413 0
-223 -235 0
-223 -247 0
-223 -275 0
-223 -298 0
-223 -321 0
-223 -344 0
-223 -367 0
-223 -390 0
-223 -413 0
-235 -247 0
-235 -275 0
-235 -298 0
-235 -321 0
-235 -344 0
-235 -367 0
-235 -390 0
-235 -413 0
-247 -275 0
-247 -298 0
-247 -321 0
-247 -344 0
-247 -367 0
-247 -390 0
-247 -413 0
-275 -298 0
-275 -321 0
-275 -344 0
-275 -367 0
-275 -390 0
-275 -413 0
-298 -321 0
-298 -344 0
-298 -367 0
-298 -390 0
-298 -413 0
-321 -344 0
-321 -367 0
-321 -390 0
-321 -413 0
-344 -367 0
-344 -390 0
-344 -413 0
-367 -390 0
-367 -413 0
-390 -413 0
41 53 65 87 112 137 162 187 212 224 236 248 276 299 322 345 368 391 414 0
-41 -53 0
-41 -65 0
-41 -87 0
-41 -112 0
-41 -137 0
-41 -162 0
-41 -187 0
-41 -212 0
-41 -224 0
-41 -236 0
-41 -248 0
-41 -276 0
-41 -299 0
-41 -322 0
-41 -345 0
-41 -368 0
-41 -391 0
-41 -414 0
-53 -65 0
-53 -87 0
-53 -112 0
-53 -137 0
-53 -162 0
-53 -187 0
-53 -212 0
-53 -224 0
-53 -236 0
-53 -248 0
-53 -276 0
-53 -299 0
-53 -322 0
-53 -345 0
-53 -368 0
-53 -391 0
-53 -414 0
-65 -87 0
-65 -112 0
-65 -137 0
-65 -162 0
-65 -187 0
-65 -212 0
-65 -224 0
-65 -236 0
-65 -248 0
-65 -276 0
-65 -299 0
-65 -322 0
-65 -345 0
-65 -368 0
-65 -391 0
-65 -414 0
-87 -112 0
-87 -137 0
-87 -162 0
-87 -187 0
-87 -212 0
-87 -224 0
-87 -236 0
-87 -248 0
-87 -276 0
-87 -299 0
-87 -322 0
-87 -345 0
-87 -368 0
-87 -391 0
-87 -414 0
-112 -137 0
-112 -162 0
-112 -187 0
-112 -212 0
-112 -224 0
-112 -236 0
-112 -248 0
-112 -276 0
-112 -299 0
-112 -322 0
-112 -345 0
-112 -368 0
-112 -391 0
-112 -414 0
-137 -162 0
-137 -187 0
-137 -212 0
-137 -224 0
-137 -236 0
-137 -248 0
-137 -276 0
-137 -299 0
-137 -322 0
-137 -345 0
-137 -368 0
-137 -391 0
-137 -414 0
-162 -187 0
-162 -212 0
-162 -224 0
-162 -236 0
-162 -248 0
-162 -276 0
-162 -299 0
-162 -322 0
-162 -345 0
-162 -368 0
-162 -391 0
-162 -414 0
-187 -212 0
-187 -224 0
-187 -236 0
-187 -248 0
-187 -276 0
-187 -299 0
-187 -322 0
-187 -345 0
-187 -368 0
-187 -391 0
-187 -414 0
-212 -224 0
-212 -236 0
-212 -248 0
-212 -276 0
-212 -299 0
-212 -322 0
-212 -345 0
-212 -368 0
-212 -391 0
-212 -414 0
-224 -236 0
-224 -248 0
-224 -276 0
-224 -299 0
-224 -322 0
-224 -345 0
-224 -368 0
-224 -391 0
-224 -414 0
-236 -248 0
-236 -276 0
-236 -299 0
-236 -322 0
-236 -345 0
-236 -368 0
-236 -391 0
-236 -414 0
-248 -276 0
-248 -299 0
-248 -322 0
-248 -345 0
-248 -368 0
-248 -391 0
-248 -414 0
-276 -299 0
-276 -322 0
-276 -345 0
-276 -368 0
-276 -391 0
-276 -414 0
-299 -322 0
-299 -345 0
-299 -368 0
-299 -391 0
-299 -414 0
-322 -345 0
-322 -368 0
-322 -391 0
-322 -414 0
-345 -368 0
-345 -391 0
-345 -414 0
-368 -391 0
-368 -414 0
-391 -414 0
88 113 138 163 188 213 225 237 249 277 300 323 346 369 392 415 0
-88 -113 0
-88 -138 0
-88 -163 0
-88 -188 0
-88 -213 0
-88 -225 0
-88 -237 0
-88 -249 0
-88 -277 0
-88 -300 0
-88 -323 0
-88 -346 0
-88 -369 0
-88 -392 0
-88 -415 0
-113 -138 0
-113 -163 0
-113 -188 0
-113 -213 0
-113 -225 0
-113 -237 0
-113 -249 0
-113 -277 0
-113 -300 0
-113 -323 0
-113 -346 0
-113 -369 0
-113 -392 0
-113 -415 0
-138 -163 0
-138 -188 0
-138 -213 0
-138 -225 0
-138 -237 0
-138 -249 0
-138 -277 0
-138 -300 0
-138 -323 0
-138 -346 0
-138 -369 0
-138 -392 0
-138 -415 0
-163 -188 0
-163 -213 0
-163 -225 0
-163 -237 0
-163 -249 0
-163 -277 0
-163 -300 0
-163 -323 0
-163 -346 0
-163 -369 0
-163 -392 0
-163 -415 0
-188 -213 0
-188 -225 0
-188 -237 0
-188 -249 0
-188 -277 0
-188 -300 0
-188 -323 0
-188 -346 0
-188 -369 0
-188 -392 0
-188 -415 0
-213 -225 0
-213 -237 0
-213 -249 0
-213 -277 0
-213 -300 0
-213 -323 0
-213 -346 0
-213 -369 0
-213 -392 0
-213 -415 0
-225 -237 0
-225 -249 0
-225 -277 0
-225 -300 0
-225 -323 0
-225 -346 0
-225 -369 0
-225 -392 0
-225 -415 0
-237 -249 0
-237 -277 0
-237 -300 0
-237 -323 0
-237 -346 0
-237 -369 0
-237 -392 0
-237 -415 0
-249 -277 0
-249 -300 0
-249 -323 0
-249 -346 0
-249 -369 0
-249 -392 0
-249 -415 0
-277 -300 0
-277 -323 0
-277 -346 0
-277 -369 0
-277 -392 0
-277 -415 0
-300 -323 0
-300 -346 0
-300 -369 0
-300 -392 0
-300 -415 0
-323 -346 0
-323 -369 0
-323 -392 0
-323 -415 0
-346 -369 0
-346 -392 0
-346 -415 0
-369 -392 0
-369 -415 0
-392 -415 0
89 114 139 164 189 214 226 238 250 278 301 324 347 370 393 416 0
-89 -114 0
-89 -139 0
-89 -164 0
-89 -189 0
-89 -214 0
-89 -226 0
-89 -238 0
-89 -250 0
-89 -278 0
-89 -301 0
-89 -324 0
-89 -347 0
-89 -370 0
-89 -393 0
-89 -416 0
-114 -139 0
-114 -164 0
-114 -189 0
-114 -214 0
-114 -226 0
-114 -238 0
-114 -250 0
-114 -278 0
-114 -301 0
-114 -324 0
-114 -347 0
-114 -370 0
-114 -393 0
-114 -416 0
-139 -164 0
-139 -189 0
-139 -214 0
-139 -226 0
-139 -238 0
-139 -250 0
-139 -278 0
-139 -301 0
-139 -324 0
-139 -347 0
-139 -370 0
-139 -393 0
-139 -416 0
-164 -189 0
-164 -214 0
-164 -226 0
-164 -238 0
-164 -250 0
-164 -278 0
-164 -301 0
-164 -324 0
-164 -347 0
-164 -370 0
-164 -393 0
-164 -416 0
-189 -214 0
-189 -226 0
-189 -238 0
-189 -250 0
-189 -278 0
-189 -301 0
-189 -324 0
-189 -347 0
-189 -370 0
-189 -393 0
-189 -416 0
-214 -226 0
-214 -238 0
-214 -250 0
-214 -278 0
-214 -301 0
-214 -324 0
-214 -347 0
-214 -370 0
-214 -393 0
-214 -416 0
-226 -238 0
-226 -250 0
-226 -278 0
-226 -301 0
-226 -324 0
-226 -347 0
-226 -370 0
-226 -393 0
-226 -416 0
-238 -250 0
-238 -278 0
-238 -301 0
-238 -324 0
-238 -347 0
-238 -370 0
-238 -393 0
-238 -416 0
-250 -278 0
-250 -301 0
-250 -324 0
-250 -347 0
-250 -370 0
-250 -393 0
-250 -416 0
-278 -301 0
-278 -324 0
-278 -347 0
-278 -370 0
-278 -393 0
-278 -416 0
-301 -324 0
-301 -347 0
-301 -370 0
-301 -393 0
-301 -416 0
-324 -347 0
-324 -370 0
-324 -393 0
-324 -416 0
-347 -370 0
-347 -393 0
-347 -416 0
-370 -393 0
-370 -416 0
-393 -416 0
42 54 66 90 115 140 165 190 215 227 239 251 0
-42 -54 0
-42 -66 0
-42 -90 0
-42 -115 0
-42 -140 0
-42 -165 0
-42 -190 0
-42 -215 0
-42 -227 0
-42 -239 0
-42 -251 0
-54 -66 0
-54 -90 0
-54 -115 0
-54 -140 0
-54 -165 0
-54 -190 0
-54 -215 0
-54 -227 0
-54 -239 0
-54 -251 0
-66 -90 0
-66 -115 0
-66 -140 0
-66 -165 0
-66 -190 0
-66 -215 0
-66 -227 0
-66 -239 0
-66 -251 0
-90 -115 0
-90 -140 0
-90 -165 0
-90 -190 0
-90 -215 0
-90 -227 0
-90 -239 0
-90 -251 0
-115 -140 0
-115 -165 0
-115 -190 0
-115 -215 0
-115 -227 0
-115 -239 0
-115 -251 0
-140 -165 0
-140 -190 0
-140 -215 0
-140 -227 0
-140 -239 0
-140 -251 0
-165 -190 0
-165 -215 0
-165 -227 0
-165 -239 0
-165 -251 0
-190 -215 0
-190 -227 0
-190 -239 0
-190 -251 0
-215 -227 0
-215 -239 0
-215 -251 0
-227 -239 0
-227 -251 0
-239 -251 0
43 55 67 91 116 141 166 191 216 228 240 252 0
-43 -55 0
-43 -67 0
-43 -91 0
-43 -116 0
-43 -141 0
-43 -166 0
-43 -191 0
-43 -216 0
-43 -228 0
-43 -240 0
-43 -252 0
-55 -67 0
-55 -91 0
-55 -116 0
-55 -141 0
-55 -166 0
-55 -191 0
-55 -216 0
-55 -228 0
-55 -240 0
-55 -252 0
-67 -91 0
-67 -116 0
-67 -141 0
-67 -166 0
-67 -191 0
-67 -216 0
-67 -228 0
-67 -240 0
-67 -252 0
-91 -116 0
-91 -141 0
-91 -166 0
-91 -191 0
-91 -216 0
-91 -228 0
-91 -240 0
-91 -252 0
-116 -141 0
-116 -166 0
-116 -191 0
-116 -216 0
-116 -228 0
-116 -240 0
-116 -252 0
-141 -166 0
-141 -191 0
-141 -216 0
-141 -228 0
-141 -240 0
-141 -252 0
-166 -191 0
-166 -216 0
-166 -228 0
-166 -240 0
-166 -252 0
-191 -216 0
-191 -228 0
-191 -240 0
-191 -252 0
-216 -228 0
-216 -240 0
-216 -252 0
-228 -240 0
-228 -252 0
-240 -252 0
92 117 142 167 192 217 229 241 253 0
-92 -117 0
-92 -142 0
-92 -167 0
-92 -192 0
-92 -217 0
-92 -229 0
-92 -241 0
-92 -253 0
-117 -142 0
-117 -167 0
-117 -192 0
-117 -217 0
-117 -229 0
-117 -241 0
-117 -253 0
-142 -167 0
-142 -192 0
-142 -217 0
-142 -229 0
-142 -241 0
-142 -253 0
-167 -192 0
-167 -217 0
-167 -229 0
-167 -241 0
-167 -253 0
-192 -217 0
-192 -229 0
-192 -241 0
-192 -253 0
-217 -229 0
-217 -241 0
-217 -253 0
-229 -241 0
-229 -253 0
-241 -253 0
