hidoku with size 11
-------------------------------------------------------------------
|     |     |     |     |     |     |     |     |     |     |     |
| 11  |     |     | 8   | 7   |     | 5   |     |     |     | 1   |
|     |     |     |     |     |     |     |     |     |     |     |
-------------------------------------------------------------------
|     |     |     |     |     |     |     |     |     |     |     |
|     | 13  |     |     |     |     |     |     |     |     |     |
|     |     |     |     |     |     |     |     |     |     |     |
-------------------------------------------------------------------
|     |     |     |     |     |     |     |     |     |     |     |
|     | 32  |     | 30  |     | 28  |     |     |     |     |     |
|     |     |     |     |     |     |     |     |     |     |     |
-------------------------------------------------------------------
|     |     |     |     |     |     |     |     |     |     |     |
|     |     | 36  |     |     |     | 40  | 41  | 42  | 43  |     |
|     |     |     |     |     |     |     |     |     |     |     |
-------------------------------------------------------------------
|     |     |     |     |     |     |     |     |     |     |     |
| 56  |     | 53  | 52  |     |     |     |     |     |     | 45  |
|     |     |     |     |     |     |     |     |     |     |     |
-------------------------------------------------------------------
|     |     |     |     |     |     |     |     |     |     |     |
| 55  |     | 58  |     | 60  |     |     |     |     |     |     |
|     |     |     |     |     |     |     |     |     |     |     |
-------------------------------------------------------------------
|     |     |     |     |     |     |     |     |     |     |     |
|     |     |     |     |     |     | 71  |     |     | 68  | 67  |
|     |     |     |     |     |     |     |     |     |     |     |
-------------------------------------------------------------------
|     |     |     |     |     |     |     |     |     |     |     |
| 78  |     | 80  |     |     | 83  |     |     | 86  |     | 88  |
|     |     |     |     |     |     |     |     |     |     |     |
-------------------------------------------------------------------
|     |     |     |     |     |     |     |     |     |     |     |
|     |     |     | 96  |     |     | 93  | 92  |     |     |     |
|     |     |     |     |     |     |     |     |     |     |     |
-------------------------------------------------------------------
|     |     |     |     |     |     |     |     |     |     |     |
| 100 |     |     |     |     |     |     |     |     |     |     |
|     |     |     |     |     |     |     |     |     |     |     |
-------------------------------------------------------------------
|     |     |     |     |     |     |     |     |     |     |     |
| 121 | 120 |     |     |     |     |     |     |     |     |     |
|     |     |     |     |     |     |     |     |     |     |     |
-------------------------------------------------------------------
