hidoku with size 13
-------------------------------------------------------------------------------
|     |     |     |     |     |     |     |     |     |     |     |     |     |
|     |     | 11  |     |     |     |     |     |     |     | 3   | 2   | 1   |
|     |     |     |     |     |     |     |     |     |     |     |     |     |
-------------------------------------------------------------------------------
|     |     |     |     |     |     |     |     |     |     |     |     |     |
| 14  |     |     |     |     |     | 20  |     |     |     | 24  | 25  |     |
|     |     |     |     |     |     |     |     |     |     |     |     |     |
-------------------------------------------------------------------------------
|     |     |     |     |     |     |     |     |     |     |     |     |     |
| 39  |     |     |     |     |     | 33  |     |     |     |     |     |     |
|     |     |     |     |     |     |     |     |     |     |     |     |     |
-------------------------------------------------------------------------------
|     |     |     |     |     |     |     |     |     |     |     |     |     |
|     | 41  |     |     | 44  |     |     | 47  |     |     |     |     |     |
|     |     |     |     |     |     |     |     |     |     |     |     |     |
-------------------------------------------------------------------------------
|     |     |     |     |     |     |     |     |     |     |     |     |     |
|     |     | 63  | 62  |     |     |     |     |     |     | 55  | 54  |     |
|     |     |     |     |     |     |     |     |     |     |     |     |     |
-------------------------------------------------------------------------------
|     |     |     |     |     |     |     |     |     |     |     |     |     |
|     |     | 68  |     |     |     |     | 73  |     |     |     |     | 78  |
|     |     |     |     |     |     |     |     |     |     |     |     |     |
-------------------------------------------------------------------------------
|     |     |     |     |     |     |     |     |     |     |     |     |     |
|     | 90  |     |     | 87  |     |     | 84  | 83  |     |     | 80  |     |
|     |     |     |     |     |     |     |     |     |     |     |     |     |
-------------------------------------------------------------------------------
|     |     |     |     |     |     |     |     |     |     |     |     |     |
|     | 93  |     | 95  |     | 97  |     |     | 100 | 101 |     | 103 |     |
|     |     |     |     |     |     |     |     |     |     |     |     |     |
-------------------------------------------------------------------------------
|     |     |     |     |     |     |     |     |     |     |     |     |     |
| 117 |     |     |     |     |     |     | 110 |     |     |     | 106 |     |
|     |     |     |     |     |     |     |     |     |     |     |     |     |
-------------------------------------------------------------------------------
|     |     |     |     |     |     |     |     |     |     |     |     |     |
|     |     |     |     |     |     | 124 |     |     | 127 |     | 129 | 130 |
|     |     |     |     |     |     |     |     |     |     |     |     |     |
-------------------------------------------------------------------------------
|     |     |     |     |     |     |     |     |     |     |     |     |     |
|     |     |     |     | 139 | 138 |     | 136 | 135 |     |     |     |     |
|     |     |     |     |     |     |     |     |     |     |     |     |     |
-------------------------------------------------------------------------------
|     |     |     |     |     |     |     |     |     |     |     |     |     |
|     | 145 |     |     | 148 |     |     |     | 152 | 153 |     |     |     |
|     |     |     |     |     |     |     |     |     |     |     |     |     |
-------------------------------------------------------------------------------
|     |     |     |     |     |     |     |     |     |     |     |     |     |
| 169 |     |     |     | 165 |     |     |     |     | 160 |     |     |     |
|     |     |     |     |     |     |     |     |     |     |     |     |     |
-------------------------------------------------------------------------------
