hidoku with size 11
-------------------------------------------------------------------
|     |     |     |     |     |     |     |     |     |     |     |
|     | 10  |     | 8   |     |     | 5   | 4   | 3   |     | 1   |
|     |     |     |     |     |     |     |     |     |     |     |
-------------------------------------------------------------------
|     |     |     |     |     |     |     |     |     |     |     |
| 12  |     |     |     |     |     | 18  |     |     |     | 22  |
|     |     |     |     |     |     |     |     |     |     |     |
-------------------------------------------------------------------
|     |     |     |     |     |     |     |     |     |     |     |
|     | 32  | 31  |     |     |     |     | 26  |     | 24  |     |
|     |     |     |     |     |     |     |     |     |     |     |
-------------------------------------------------------------------
|     |     |     |     |     |     |     |     |     |     |     |
|     |     | 36  |     |     |     | 40  | 41  |     | 43  | 44  |
|     |     |     |     |     |     |     |     |     |     |     |
-------------------------------------------------------------------
|     |     |     |     |     |     |     |     |     |     |     |
|     | 54  | 53  |     |     |     |     |     | 47  |     |     |
|     |     |     |     |     |     |     |     |     |     |     |
-------------------------------------------------------------------
|     |     |     |     |     |     |     |     |     |     |     |
| 55  |     |     |     |     |     |     |     |     |     |     |
|     |     |     |     |     |     |     |     |     |     |     |
-------------------------------------------------------------------
|     |     |     |     |     |     |     |     |     |     |     |
|     | 76  |     |     | 73  | 72  | 71  |     |     |     |     |
|     |     |     |     |     |     |     |     |     |     |     |
-------------------------------------------------------------------
|     |     |     |     |     |     |     |     |     |     |     |
| 78  |     | 80  |     | 82  | 83  |     |     | 86  | 87  |     |
|     |     |     |     |     |     |     |     |     |     |     |
-------------------------------------------------------------------
|     |     |     |     |     |     |     |     |     |     |     |
| 99  |     |     |     |     |     |     |     |     |     |     |
|     |     |     |     |     |     |     |     |     |     |     |
-------------------------------------------------------------------
|     |     |     |     |     |     |     |     |     |     |     |
| 100 |     |     | 103 | 104 | 105 |     | 107 |     | 109 |     |
|     |     |     |     |     |     |     |     |     |     |     |
-------------------------------------------------------------------
|     |     |     |     |     |     |     |     |     |     |     |
| 121 |     |     |     |     |     | 115 |     |     |     |     |
|     |     |     |     |     |     |     |     |     |     |     |
-------------------------------------------------------------------
