hidoku with size 12
-------------------------------------------------------------------------
|     |     |     |     |     |     |     |     |     |     |     |     |
|     |     |     |     |     |     |     |     |     | 3   |     | 1   |
|     |     |     |     |     |     |     |     |     |     |     |     |
-------------------------------------------------------------------------
|     |     |     |     |     |     |     |     |     |     |     |     |
| 13  | 14  |     |     |     |     | 19  |     | 21  | 22  |     |     |
|     |     |     |     |     |     |     |     |     |     |     |     |
-------------------------------------------------------------------------
|     |     |     |     |     |     |     |     |     |     |     |     |
|     |     | 34  |     |     |     |     |     |     |     |     | 25  |
|     |     |     |     |     |     |     |     |     |     |     |     |
-------------------------------------------------------------------------
|     |     |     |     |     |     |     |     |     |     |     |     |
|     |     | 39  | 40  |     |     | 43  |     |     |     |     |     |
|     |     |     |     |     |     |     |     |     |     |     |     |
-------------------------------------------------------------------------
|     |     |     |     |     |     |     |     |     |     |     |     |
|     | 59  |     |     |     | 55  |     |     |     |     |     | 49  |
|     |     |     |     |     |     |     |     |     |     |     |     |
-------------------------------------------------------------------------
|     |     |     |     |     |     |     |     |     |     |     |     |
|     | 62  |     |     |     | 66  |     |     |     | 70  | 71  |     |
|     |     |     |     |     |     |     |     |     |     |     |     |
-------------------------------------------------------------------------
|     |     |     |     |     |     |     |     |     |     |     |     |
|     | 83  |     | 81  |     | 79  |     |     |     |     |     |     |
|     |     |     |     |     |     |     |     |     |     |     |     |
-------------------------------------------------------------------------
|     |     |     |     |     |     |     |     |     |     |     |     |
|     |     |     |     |     |     |     |     |     |     | 95  | 97  |
|     |     |     |     |     |     |     |     |     |     |     |     |
-------------------------------------------------------------------------
|     |     |     |     |     |     |     |     |     |     |     |     |
| 108 |     |     |     |     |     |     | 101 |     |     |     | 96  |
|     |     |     |     |     |     |     |     |     |     |     |     |
-------------------------------------------------------------------------
|     |     |     |     |     |     |     |     |     |     |     |     |
| 109 |     | 111 | 112 | 113 |     |     |     | 117 |     |     |     |
|     |     |     |     |     |     |     |     |     |     |     |     |
-------------------------------------------------------------------------
|     |     |     |     |     |     |     |     |     |     |     |     |
| 132 |     | 130 |     | 128 |     |     | 125 |     |     |     | 120 |
|     |     |     |     |     |     |     |     |     |     |     |     |
-------------------------------------------------------------------------
|     |     |     |     |     |     |     |     |     |     |     |     |
| 133 |     |     |     |     | 138 |     |     |     | 142 |     | 144 |
|     |     |     |     |     |     |     |     |     |     |     |     |
-------------------------------------------------------------------------
