hidoku with size 12
-------------------------------------------------------------------------
|     |     |     |     |     |     |     |     |     |     |     |     |
|     | 11  |     |     |     | 7   |     |     |     | 3   |     | 1   |
|     |     |     |     |     |     |     |     |     |     |     |     |
-------------------------------------------------------------------------
|     |     |     |     |     |     |     |     |     |     |     |     |
|     |     |     |     | 17  |     |     |     |     |     |     |     |
|     |     |     |     |     |     |     |     |     |     |     |     |
-------------------------------------------------------------------------
|     |     |     |     |     |     |     |     |     |     |     |     |
|     |     |     |     |     |     | 30  | 29  |     | 27  |     |     |
|     |     |     |     |     |     |     |     |     |     |     |     |
-------------------------------------------------------------------------
|     |     |     |     |     |     |     |     |     |     |     |     |
|     | 38  | 39  | 40  |     | 42  | 43  | 44  |     | 46  | 47  |     |
|     |     |     |     |     |     |     |     |     |     |     |     |
-------------------------------------------------------------------------
|     |     |     |     |     |     |     |     |     |     |     |     |
|     |     |     |     |     |     |     |     | 52  |     |     |     |
|     |     |     |     |     |     |     |     |     |     |     |     |
-------------------------------------------------------------------------
|     |     |     |     |     |     |     |     |     |     |     |     |
|     |     |     |     |     |     | 67  | 68  | 69  |     |     |     |
|     |     |     |     |     |     |     |     |     |     |     |     |
-------------------------------------------------------------------------
|     |     |     |     |     |     |     |     |     |     |     |     |
|     | 83  | 82  |     |     | 79  |     |     |     |     |     | 73  |
|     |     |     |     |     |     |     |     |     |     |     |     |
-------------------------------------------------------------------------
|     |     |     |     |     |     |     |     |     |     |     |     |
|     |     |     |     |     |     |     |     |     |     | 95  |     |
|     |     |     |     |     |     |     |     |     |     |     |     |
-------------------------------------------------------------------------
|     |     |     |     |     |     |     |     |     |     |     |     |
| 108 |     |     |     |     |     | 102 |     | 100 | 99  | 98  |     |
|     |     |     |     |     |     |     |     |     |     |     |     |
-------------------------------------------------------------------------
|     |     |     |     |     |     |     |     |     |     |     |     |
|     |     | 111 |     |     |     |     |     |     |     | 119 | 121 |
|     |     |     |     |     |     |     |     |     |     |     |     |
-------------------------------------------------------------------------
|     |     |     |     |     |     |     |     |     |     |     |     |
|     |     |     | 129 |     | 127 |     | 125 |     |     |     | 120 |
|     |     |     |     |     |     |     |     |     |     |     |     |
-------------------------------------------------------------------------
|     |     |     |     |     |     |     |     |     |     |     |     |
|     | 134 |     |     |     |     |     |     |     |     |     | 144 |
|     |     |     |     |     |     |     |     |     |     |     |     |
-------------------------------------------------------------------------
