hidoku with size 13
-------------------------------------------------------------------------------
|     |     |     |     |     |     |     |     |     |     |     |     |     |
|     |     |     |     |     |     |     |     | 5   |     | 3   | 2   | 1   |
|     |     |     |     |     |     |     |     |     |     |     |     |     |
-------------------------------------------------------------------------------
|     |     |     |     |     |     |     |     |     |     |     |     |     |
|     |     | 16  |     |     |     |     |     | 22  |     | 24  |     |     |
|     |     |     |     |     |     |     |     |     |     |     |     |     |
-------------------------------------------------------------------------------
|     |     |     |     |     |     |     |     |     |     |     |     |     |
|     |     |     | 36  |     |     | 33  |     |     | 30  |     |     |     |
|     |     |     |     |     |     |     |     |     |     |     |     |     |
-------------------------------------------------------------------------------
|     |     |     |     |     |     |     |     |     |     |     |     |     |
| 40  |     | 42  | 43  |     |     |     |     |     |     |     | 51  |     |
|     |     |     |     |     |     |     |     |     |     |     |     |     |
-------------------------------------------------------------------------------
|     |     |     |     |     |     |     |     |     |     |     |     |     |
|     | 64  |     | 62  |     |     | 59  | 58  |     |     | 55  | 54  |     |
|     |     |     |     |     |     |     |     |     |     |     |     |     |
-------------------------------------------------------------------------------
|     |     |     |     |     |     |     |     |     |     |     |     |     |
|     |     |     |     | 70  |     |     | 73  |     | 75  |     | 77  |     |
|     |     |     |     |     |     |     |     |     |     |     |     |     |
-------------------------------------------------------------------------------
|     |     |     |     |     |     |     |     |     |     |     |     |     |
|     |     |     |     |     |     | 85  |     | 83  |     |     |     |     |
|     |     |     |     |     |     |     |     |     |     |     |     |     |
-------------------------------------------------------------------------------
|     |     |     |     |     |     |     |     |     |     |     |     |     |
| 92  |     |     | 95  | 96  |     |     |     | 100 | 101 |     |     |     |
|     |     |     |     |     |     |     |     |     |     |     |     |     |
-------------------------------------------------------------------------------
|     |     |     |     |     |     |     |     |     |     |     |     |     |
|     | 116 | 115 |     |     | 112 | 111 |     | 109 | 108 |     |     | 105 |
|     |     |     |     |     |     |     |     |     |     |     |     |     |
-------------------------------------------------------------------------------
|     |     |     |     |     |     |     |     |     |     |     |     |     |
| 118 |     |     | 121 |     |     |     | 125 |     | 127 |     |     |     |
|     |     |     |     |     |     |     |     |     |     |     |     |     |
-------------------------------------------------------------------------------
|     |     |     |     |     |     |     |     |     |     |     |     |     |
|     | 142 | 141 |     | 139 | 138 |     |     | 135 |     |     |     |     |
|     |     |     |     |     |     |     |     |     |     |     |     |     |
-------------------------------------------------------------------------------
|     |     |     |     |     |     |     |     |     |     |     |     |     |
|     | 145 |     | 147 |     |     | 150 | 151 |     |     |     | 155 | 156 |
|     |     |     |     |     |     |     |     |     |     |     |     |     |
-------------------------------------------------------------------------------
|     |     |     |     |     |     |     |     |     |     |     |     |     |
| 169 |     |     |     | 165 |     |     | 162 |     |     |     | 158 |     |
|     |     |     |     |     |     |     |     |     |     |     |     |     |
-------------------------------------------------------------------------------
