hidoku with size 14
-------------------------------------------------------------------------------------
|     |     |     |     |     |     |     |     |     |     |     |     |     |     |
|     |     |     |     | 10  |     | 8   |     |     | 5   |     |     |     | 1   |
|     |     |     |     |     |     |     |     |     |     |     |     |     |     |
-------------------------------------------------------------------------------------
|     |     |     |     |     |     |     |     |     |     |     |     |     |     |
|     |     |     | 18  |     |     |     |     |     |     |     |     |     |     |
|     |     |     |     |     |     |     |     |     |     |     |     |     |     |
-------------------------------------------------------------------------------------
|     |     |     |     |     |     |     |     |     |     |     |     |     |     |
|     | 41  | 40  |     |     |     |     | 35  |     |     |     |     |     |     |
|     |     |     |     |     |     |     |     |     |     |     |     |     |     |
-------------------------------------------------------------------------------------
|     |     |     |     |     |     |     |     |     |     |     |     |     |     |
|     |     |     |     |     |     | 49  |     |     |     |     |     |     |     |
|     |     |     |     |     |     |     |     |     |     |     |     |     |     |
-------------------------------------------------------------------------------------
|     |     |     |     |     |     |     |     |     |     |     |     |     |     |
|     |     |     | 67  |     |     |     |     | 62  |     |     | 59  | 58  | 57  |
|     |     |     |     |     |     |     |     |     |     |     |     |     |     |
-------------------------------------------------------------------------------------
|     |     |     |     |     |     |     |     |     |     |     |     |     |     |
|     |     | 73  |     | 75  |     | 77  |     |     |     |     |     | 83  |     |
|     |     |     |     |     |     |     |     |     |     |     |     |     |     |
-------------------------------------------------------------------------------------
|     |     |     |     |     |     |     |     |     |     |     |     |     |     |
| 98  |     | 96  | 95  |     |     | 92  |     | 90  | 89  | 88  | 87  |     |     |
|     |     |     |     |     |     |     |     |     |     |     |     |     |     |
-------------------------------------------------------------------------------------
|     |     |     |     |     |     |     |     |     |     |     |     |     |     |
|     |     | 101 | 102 |     | 104 |     |     |     |     |     |     |     |     |
|     |     |     |     |     |     |     |     |     |     |     |     |     |     |
-------------------------------------------------------------------------------------
|     |     |     |     |     |     |     |     |     |     |     |     |     |     |
|     |     |     |     |     | 121 |     |     |     |     |     |     | 114 |     |
|     |     |     |     |     |     |     |     |     |     |     |     |     |     |
-------------------------------------------------------------------------------------
|     |     |     |     |     |     |     |     |     |     |     |     |     |     |
|     |     | 129 |     |     |     |     | 134 | 135 | 136 |     |     |     |     |
|     |     |     |     |     |     |     |     |     |     |     |     |     |     |
-------------------------------------------------------------------------------------
|     |     |     |     |     |     |     |     |     |     |     |     |     |     |
|     |     |     |     | 150 |     |     | 147 |     | 145 | 144 |     |     |     |
|     |     |     |     |     |     |     |     |     |     |     |     |     |     |
-------------------------------------------------------------------------------------
|     |     |     |     |     |     |     |     |     |     |     |     |     |     |
| 155 | 156 |     |     |     | 160 |     |     | 163 | 164 |     |     |     |     |
|     |     |     |     |     |     |     |     |     |     |     |     |     |     |
-------------------------------------------------------------------------------------
|     |     |     |     |     |     |     |     |     |     |     |     |     |     |
| 182 |     |     |     |     | 177 |     |     |     | 173 |     |     |     |     |
|     |     |     |     |     |     |     |     |     |     |     |     |     |     |
-------------------------------------------------------------------------------------
|     |     |     |     |     |     |     |     |     |     |     |     |     |     |
|     | 184 |     | 186 |     |     | 189 |     | 191 |     |     |     |     | 196 |
|     |     |     |     |     |     |     |     |     |     |     |     |     |     |
-------------------------------------------------------------------------------------
