hidoku with size 20
-------------------------------------------------------------------------------------------------------------------------
|     |     |     |     |     |     |     |     |     |     |     |     |     |     |     |     |     |     |     |     |
| 20  | 19  |     |     |     | 15  |     |     |     |     |     | 9   |     |     |     | 5   | 4   | 3   |     | 1   |
|     |     |     |     |     |     |     |     |     |     |     |     |     |     |     |     |     |     |     |     |
-------------------------------------------------------------------------------------------------------------------------
|     |     |     |     |     |     |     |     |     |     |     |     |     |     |     |     |     |     |     |     |
|     |     |     |     | 25  |     | 27  | 28  | 29  |     | 31  | 32  |     |     | 35  | 36  |     | 38  |     |     |
|     |     |     |     |     |     |     |     |     |     |     |     |     |     |     |     |     |     |     |     |
-------------------------------------------------------------------------------------------------------------------------
|     |     |     |     |     |     |     |     |     |     |     |     |     |     |     |     |     |     |     |     |
| 61  |     |     | 57  |     | 55  | 54  |     | 52  | 51  |     | 49  | 48  |     |     |     |     |     |     |     |
|     |     |     |     |     |     |     |     |     |     |     |     |     |     |     |     |     |     |     |     |
-------------------------------------------------------------------------------------------------------------------------
|     |     |     |     |     |     |     |     |     |     |     |     |     |     |     |     |     |     |     |     |
|     | 62  | 63  | 64  | 65  | 66  | 67  | 68  |     | 70  | 71  | 72  | 73  | 74  | 75  |     | 77  | 78  |     |     |
|     |     |     |     |     |     |     |     |     |     |     |     |     |     |     |     |     |     |     |     |
-------------------------------------------------------------------------------------------------------------------------
|     |     |     |     |     |     |     |     |     |     |     |     |     |     |     |     |     |     |     |     |
|     | 99  |     | 97  | 96  |     | 94  | 93  |     |     | 90  |     | 88  |     |     | 85  |     | 83  |     | 81  |
|     |     |     |     |     |     |     |     |     |     |     |     |     |     |     |     |     |     |     |     |
-------------------------------------------------------------------------------------------------------------------------
|     |     |     |     |     |     |     |     |     |     |     |     |     |     |     |     |     |     |     |     |
|     | 102 |     |     |     |     | 107 | 108 |     | 110 | 111 | 112 | 113 | 114 |     |     |     | 118 | 119 |     |
|     |     |     |     |     |     |     |     |     |     |     |     |     |     |     |     |     |     |     |     |
-------------------------------------------------------------------------------------------------------------------------
|     |     |     |     |     |     |     |     |     |     |     |     |     |     |     |     |     |     |     |     |
|     |     |     | 137 | 136 |     | 134 |     | 132 | 131 | 130 |     | 128 | 127 | 126 |     | 124 |     |     |     |
|     |     |     |     |     |     |     |     |     |     |     |     |     |     |     |     |     |     |     |     |
-------------------------------------------------------------------------------------------------------------------------
|     |     |     |     |     |     |     |     |     |     |     |     |     |     |     |     |     |     |     |     |
|     | 142 |     |     |     |     |     | 148 |     |     |     |     |     |     | 155 |     | 157 | 158 | 159 | 160 |
|     |     |     |     |     |     |     |     |     |     |     |     |     |     |     |     |     |     |     |     |
-------------------------------------------------------------------------------------------------------------------------
|     |     |     |     |     |     |     |     |     |     |     |     |     |     |     |     |     |     |     |     |
|     | 179 | 178 | 177 |     |     | 174 |     | 172 |     | 170 | 169 |     | 167 |     |     | 164 | 163 |     |     |
|     |     |     |     |     |     |     |     |     |     |     |     |     |     |     |     |     |     |     |     |
-------------------------------------------------------------------------------------------------------------------------
|     |     |     |     |     |     |     |     |     |     |     |     |     |     |     |     |     |     |     |     |
| 181 |     | 183 |     | 185 |     |     |     | 189 | 190 |     |     | 193 | 194 | 195 | 196 |     | 198 | 199 |     |
|     |     |     |     |     |     |     |     |     |     |     |     |     |     |     |     |     |     |     |     |
-------------------------------------------------------------------------------------------------------------------------
|     |     |     |     |     |     |     |     |     |     |     |     |     |     |     |     |     |     |     |     |
|     | 219 |     | 217 |     |     |     |     | 212 | 211 |     |     | 208 |     |     | 205 |     | 203 |     |     |
|     |     |     |     |     |     |     |     |     |     |     |     |     |     |     |     |     |     |     |     |
-------------------------------------------------------------------------------------------------------------------------
|     |     |     |     |     |     |     |     |     |     |     |     |     |     |     |     |     |     |     |     |
| 221 |     | 223 | 224 | 225 | 226 |     |     |     | 230 |     |     | 233 | 234 | 235 |     |     | 238 |     | 240 |
|     |     |     |     |     |     |     |     |     |     |     |     |     |     |     |     |     |     |     |     |
-------------------------------------------------------------------------------------------------------------------------
|     |     |     |     |     |     |     |     |     |     |     |     |     |     |     |     |     |     |     |     |
|     |     |     | 257 | 256 | 255 |     |     | 252 | 251 | 250 | 249 |     |     | 246 | 245 |     |     | 242 |     |
|     |     |     |     |     |     |     |     |     |     |     |     |     |     |     |     |     |     |     |     |
-------------------------------------------------------------------------------------------------------------------------
|     |     |     |     |     |     |     |     |     |     |     |     |     |     |     |     |     |     |     |     |
| 261 |     | 263 | 264 | 265 |     | 267 | 268 | 269 | 270 | 271 | 272 | 273 | 274 |     | 276 |     |     |     | 280 |
|     |     |     |     |     |     |     |     |     |     |     |     |     |     |     |     |     |     |     |     |
-------------------------------------------------------------------------------------------------------------------------
|     |     |     |     |     |     |     |     |     |     |     |     |     |     |     |     |     |     |     |     |
| 300 | 299 | 298 | 297 |     |     | 294 |     | 292 |     |     | 289 |     |     | 286 |     |     | 283 | 282 | 281 |
|     |     |     |     |     |     |     |     |     |     |     |     |     |     |     |     |     |     |     |     |
-------------------------------------------------------------------------------------------------------------------------
|     |     |     |     |     |     |     |     |     |     |     |     |     |     |     |     |     |     |     |     |
|     |     | 303 | 304 |     | 306 |     |     |     | 310 | 311 | 312 | 313 |     |     | 316 |     | 318 |     |     |
|     |     |     |     |     |     |     |     |     |     |     |     |     |     |     |     |     |     |     |     |
-------------------------------------------------------------------------------------------------------------------------
|     |     |     |     |     |     |     |     |     |     |     |     |     |     |     |     |     |     |     |     |
| 340 | 339 |     | 337 | 336 |     |     | 333 | 332 | 331 |     | 329 |     |     | 326 |     |     |     | 322 | 321 |
|     |     |     |     |     |     |     |     |     |     |     |     |     |     |     |     |     |     |     |     |
-------------------------------------------------------------------------------------------------------------------------
|     |     |     |     |     |     |     |     |     |     |     |     |     |     |     |     |     |     |     |     |
|     | 342 | 343 | 344 |     |     |     |     | 349 | 350 |     | 352 |     |     | 355 | 356 |     |     |     |     |
|     |     |     |     |     |     |     |     |     |     |     |     |     |     |     |     |     |     |     |     |
-------------------------------------------------------------------------------------------------------------------------
|     |     |     |     |     |     |     |     |     |     |     |     |     |     |     |     |     |     |     |     |
|     |     | 378 |     |     |     | 374 | 373 | 372 | 371 |     | 369 | 368 | 367 | 366 | 365 |     | 363 |     | 361 |
|     |     |     |     |     |     |     |     |     |     |     |     |     |     |     |     |     |     |     |     |
-------------------------------------------------------------------------------------------------------------------------
|     |     |     |     |     |     |     |     |     |     |     |     |     |     |     |     |     |     |     |     |
| 381 |     | 383 |     | 385 | 386 |     |     |     |     |     |     |     | 394 | 395 |     |     | 398 |     | 400 |
|     |     |     |     |     |     |     |     |     |     |     |     |     |     |     |     |     |     |     |     |
-------------------------------------------------------------------------------------------------------------------------
