hidoku with size 22
-------------------------------------------------------------------------------------------------------------------------------------
|     |     |     |     |     |     |     |     |     |     |     |     |     |     |     |     |     |     |     |     |     |     |
| 23  | 21  | 20  |     | 18  | 17  | 16  | 15  |     |     |     |     | 10  | 9   | 8   | 7   |     | 5   |     |     | 2   | 1   |
|     |     |     |     |     |     |     |     |     |     |     |     |     |     |     |     |     |     |     |     |     |     |
-------------------------------------------------------------------------------------------------------------------------------------
|     |     |     |     |     |     |     |     |     |     |     |     |     |     |     |     |     |     |     |     |     |     |
|     |     | 25  | 26  |     | 28  |     |     |     | 32  | 33  |     |     | 36  |     | 38  | 39  | 40  | 41  |     |     |     |
|     |     |     |     |     |     |     |     |     |     |     |     |     |     |     |     |     |     |     |     |     |     |
-------------------------------------------------------------------------------------------------------------------------------------
|     |     |     |     |     |     |     |     |     |     |     |     |     |     |     |     |     |     |     |     |     |     |
| 66  |     |     |     |     |     | 60  |     |     |     |     |     | 54  |     | 52  | 51  |     |     | 48  | 47  |     |     |
|     |     |     |     |     |     |     |     |     |     |     |     |     |     |     |     |     |     |     |     |     |     |
-------------------------------------------------------------------------------------------------------------------------------------
|     |     |     |     |     |     |     |     |     |     |     |     |     |     |     |     |     |     |     |     |     |     |
| 67  | 68  | 69  | 70  | 71  |     |     | 74  |     |     |     |     |     |     | 81  |     | 83  | 84  | 85  |     |     | 88  |
|     |     |     |     |     |     |     |     |     |     |     |     |     |     |     |     |     |     |     |     |     |     |
-------------------------------------------------------------------------------------------------------------------------------------
|     |     |     |     |     |     |     |     |     |     |     |     |     |     |     |     |     |     |     |     |     |     |
| 110 |     | 108 | 107 |     |     |     | 103 |     |     |     | 99  |     | 97  | 96  |     | 94  |     | 92  |     | 90  |     |
|     |     |     |     |     |     |     |     |     |     |     |     |     |     |     |     |     |     |     |     |     |     |
-------------------------------------------------------------------------------------------------------------------------------------
|     |     |     |     |     |     |     |     |     |     |     |     |     |     |     |     |     |     |     |     |     |     |
| 111 |     |     | 114 |     | 116 |     | 118 |     | 120 | 121 | 122 | 123 |     | 125 | 126 | 127 |     |     | 130 |     | 132 |
|     |     |     |     |     |     |     |     |     |     |     |     |     |     |     |     |     |     |     |     |     |     |
-------------------------------------------------------------------------------------------------------------------------------------
|     |     |     |     |     |     |     |     |     |     |     |     |     |     |     |     |     |     |     |     |     |     |
| 154 | 153 | 152 |     | 150 |     |     | 147 | 146 |     |     | 143 | 142 | 141 |     | 139 |     |     | 136 |     | 134 |     |
|     |     |     |     |     |     |     |     |     |     |     |     |     |     |     |     |     |     |     |     |     |     |
-------------------------------------------------------------------------------------------------------------------------------------
|     |     |     |     |     |     |     |     |     |     |     |     |     |     |     |     |     |     |     |     |     |     |
| 155 | 156 |     | 158 |     |     | 161 | 162 | 163 |     | 165 | 166 |     |     | 169 | 170 | 171 | 172 | 173 | 174 | 175 | 176 |
|     |     |     |     |     |     |     |     |     |     |     |     |     |     |     |     |     |     |     |     |     |     |
-------------------------------------------------------------------------------------------------------------------------------------
|     |     |     |     |     |     |     |     |     |     |     |     |     |     |     |     |     |     |     |     |     |     |
|     | 197 |     |     | 194 | 193 |     |     |     |     | 188 |     | 186 |     |     |     |     |     | 180 |     | 178 |     |
|     |     |     |     |     |     |     |     |     |     |     |     |     |     |     |     |     |     |     |     |     |     |
-------------------------------------------------------------------------------------------------------------------------------------
|     |     |     |     |     |     |     |     |     |     |     |     |     |     |     |     |     |     |     |     |     |     |
|     | 200 |     | 202 |     | 204 | 205 |     |     | 208 |     |     |     |     |     |     |     |     |     | 218 | 219 | 220 |
|     |     |     |     |     |     |     |     |     |     |     |     |     |     |     |     |     |     |     |     |     |     |
-------------------------------------------------------------------------------------------------------------------------------------
|     |     |     |     |     |     |     |     |     |     |     |     |     |     |     |     |     |     |     |     |     |     |
| 242 |     | 240 | 239 |     | 237 | 236 | 235 | 234 |     | 232 |     |     | 229 |     |     |     |     | 224 | 223 |     | 221 |
|     |     |     |     |     |     |     |     |     |     |     |     |     |     |     |     |     |     |     |     |     |     |
-------------------------------------------------------------------------------------------------------------------------------------
|     |     |     |     |     |     |     |     |     |     |     |     |     |     |     |     |     |     |     |     |     |     |
| 243 |     | 245 | 246 |     | 248 |     |     |     |     |     | 254 |     |     | 257 | 258 |     | 260 | 261 | 262 |     | 264 |
|     |     |     |     |     |     |     |     |     |     |     |     |     |     |     |     |     |     |     |     |     |     |
-------------------------------------------------------------------------------------------------------------------------------------
|     |     |     |     |     |     |     |     |     |     |     |     |     |     |     |     |     |     |     |     |     |     |
|     |     |     | 283 |     | 281 |     | 279 | 278 |     |     |     |     |     |     | 271 | 270 |     |     | 267 | 266 |     |
|     |     |     |     |     |     |     |     |     |     |     |     |     |     |     |     |     |     |     |     |     |     |
-------------------------------------------------------------------------------------------------------------------------------------
|     |     |     |     |     |     |     |     |     |     |     |     |     |     |     |     |     |     |     |     |     |     |
|     |     | 289 | 290 | 291 | 292 | 293 |     | 295 |     | 297 |     | 299 |     |     | 302 | 303 |     |     | 306 |     |     |
|     |     |     |     |     |     |     |     |     |     |     |     |     |     |     |     |     |     |     |     |     |     |
-------------------------------------------------------------------------------------------------------------------------------------
|     |     |     |     |     |     |     |     |     |     |     |     |     |     |     |     |     |     |     |     |     |     |
| 330 |     |     | 327 |     |     | 324 | 323 | 322 |     |     | 319 | 318 |     | 316 | 315 |     | 313 |     |     | 310 | 309 |
|     |     |     |     |     |     |     |     |     |     |     |     |     |     |     |     |     |     |     |     |     |     |
-------------------------------------------------------------------------------------------------------------------------------------
|     |     |     |     |     |     |     |     |     |     |     |     |     |     |     |     |     |     |     |     |     |     |
|     |     |     | 334 | 335 | 336 |     | 338 | 339 | 340 |     |     |     |     |     | 346 |     | 348 | 349 |     | 351 | 352 |
|     |     |     |     |     |     |     |     |     |     |     |     |     |     |     |     |     |     |     |     |     |     |
-------------------------------------------------------------------------------------------------------------------------------------
|     |     |     |     |     |     |     |     |     |     |     |     |     |     |     |     |     |     |     |     |     |     |
| 374 | 373 | 372 | 371 | 370 |     | 368 |     | 366 | 365 |     | 363 |     | 361 |     |     |     | 357 | 356 | 355 | 354 | 353 |
|     |     |     |     |     |     |     |     |     |     |     |     |     |     |     |     |     |     |     |     |     |     |
-------------------------------------------------------------------------------------------------------------------------------------
|     |     |     |     |     |     |     |     |     |     |     |     |     |     |     |     |     |     |     |     |     |     |
|     |     |     | 378 | 379 | 380 |     |     |     | 384 | 385 |     |     |     |     |     | 391 | 392 | 393 |     | 395 |     |
|     |     |     |     |     |     |     |     |     |     |     |     |     |     |     |     |     |     |     |     |     |     |
-------------------------------------------------------------------------------------------------------------------------------------
|     |     |     |     |     |     |     |     |     |     |     |     |     |     |     |     |     |     |     |     |     |     |
|     | 417 | 416 | 415 |     | 413 | 412 | 411 | 410 | 409 | 408 | 407 | 406 | 405 |     |     | 402 |     | 400 | 399 | 398 | 397 |
|     |     |     |     |     |     |     |     |     |     |     |     |     |     |     |     |     |     |     |     |     |     |
-------------------------------------------------------------------------------------------------------------------------------------
|     |     |     |     |     |     |     |     |     |     |     |     |     |     |     |     |     |     |     |     |     |     |
| 419 | 420 |     | 422 |     |     |     |     |     |     |     |     | 431 | 432 |     | 434 |     | 436 |     |     |     |     |
|     |     |     |     |     |     |     |     |     |     |     |     |     |     |     |     |     |     |     |     |     |     |
-------------------------------------------------------------------------------------------------------------------------------------
|     |     |     |     |     |     |     |     |     |     |     |     |     |     |     |     |     |     |     |     |     |     |
| 462 |     |     |     |     |     | 456 |     | 454 | 453 |     |     |     |     | 448 | 447 |     | 445 |     | 443 |     | 441 |
|     |     |     |     |     |     |     |     |     |     |     |     |     |     |     |     |     |     |     |     |     |     |
-------------------------------------------------------------------------------------------------------------------------------------
|     |     |     |     |     |     |     |     |     |     |     |     |     |     |     |     |     |     |     |     |     |     |
| 463 | 464 | 465 |     |     | 468 |     | 470 |     | 472 |     |     | 475 | 476 |     | 478 |     |     | 481 | 482 |     | 484 |
|     |     |     |     |     |     |     |     |     |     |     |     |     |     |     |     |     |     |     |     |     |     |
-------------------------------------------------------------------------------------------------------------------------------------
