hidoku with size 14
-------------------------------------------------------------------------------------
|     |     |     |     |     |     |     |     |     |     |     |     |     |     |
|     |     |     |     |     |     |     |     |     |     |     |     | 2   | 1   |
|     |     |     |     |     |     |     |     |     |     |     |     |     |     |
-------------------------------------------------------------------------------------
|     |     |     |     |     |     |     |     |     |     |     |     |     |     |
|     | 16  | 17  | 18  |     |     |     |     | 23  |     |     |     |     |     |
|     |     |     |     |     |     |     |     |     |     |     |     |     |     |
-------------------------------------------------------------------------------------
|     |     |     |     |     |     |     |     |     |     |     |     |     |     |
|     |     |     |     |     |     |     | 35  |     |     | 32  | 31  | 30  |     |
|     |     |     |     |     |     |     |     |     |     |     |     |     |     |
-------------------------------------------------------------------------------------
|     |     |     |     |     |     |     |     |     |     |     |     |     |     |
|     |     |     | 46  |     |     |     | 50  |     |     |     |     |     |     |
|     |     |     |     |     |     |     |     |     |     |     |     |     |     |
-------------------------------------------------------------------------------------
|     |     |     |     |     |     |     |     |     |     |     |     |     |     |
|     |     | 68  |     |     |     |     |     |     |     | 60  |     | 58  |     |
|     |     |     |     |     |     |     |     |     |     |     |     |     |     |
-------------------------------------------------------------------------------------
|     |     |     |     |     |     |     |     |     |     |     |     |     |     |
| 71  |     |     |     |     |     |     |     | 79  | 80  | 81  |     |     | 84  |
|     |     |     |     |     |     |     |     |     |     |     |     |     |     |
-------------------------------------------------------------------------------------
|     |     |     |     |     |     |     |     |     |     |     |     |     |     |
| 98  |     |     |     |     |     |     |     |     |     | 88  |     | 86  |     |
|     |     |     |     |     |     |     |     |     |     |     |     |     |     |
-------------------------------------------------------------------------------------
|     |     |     |     |     |     |     |     |     |     |     |     |     |     |
|     |     |     | 102 |     |     |     |     | 107 | 108 | 109 |     |     |     |
|     |     |     |     |     |     |     |     |     |     |     |     |     |     |
-------------------------------------------------------------------------------------
|     |     |     |     |     |     |     |     |     |     |     |     |     |     |
|     |     |     |     | 122 |     |     |     |     |     |     | 115 |     |     |
|     |     |     |     |     |     |     |     |     |     |     |     |     |     |
-------------------------------------------------------------------------------------
|     |     |     |     |     |     |     |     |     |     |     |     |     |     |
|     |     |     | 130 |     |     |     |     | 135 | 136 |     | 138 |     | 140 |
|     |     |     |     |     |     |     |     |     |     |     |     |     |     |
-------------------------------------------------------------------------------------
|     |     |     |     |     |     |     |     |     |     |     |     |     |     |
|     |     |     |     |     |     |     | 147 |     |     |     |     |     |     |
|     |     |     |     |     |     |     |     |     |     |     |     |     |     |
-------------------------------------------------------------------------------------
|     |     |     |     |     |     |     |     |     |     |     |     |     |     |
|     |     |     |     | 159 |     |     |     |     |     |     |     |     | 168 |
|     |     |     |     |     |     |     |     |     |     |     |     |     |     |
-------------------------------------------------------------------------------------
|     |     |     |     |     |     |     |     |     |     |     |     |     |     |
|     |     |     | 179 |     |     |     |     |     |     | 172 |     |     | 169 |
|     |     |     |     |     |     |     |     |     |     |     |     |     |     |
-------------------------------------------------------------------------------------
|     |     |     |     |     |     |     |     |     |     |     |     |     |     |
|     |     |     |     |     |     |     |     |     |     |     |     | 195 | 196 |
|     |     |     |     |     |     |     |     |     |     |     |     |     |     |
-------------------------------------------------------------------------------------
