hidoku with size 15
-------------------------------------------------------------------------------------------
|     |     |     |     |     |     |     |     |     |     |     |     |     |     |     |
|     |     | 13  | 12  | 11  |     |     |     |     |     |     |     |     |     | 1   |
|     |     |     |     |     |     |     |     |     |     |     |     |     |     |     |
-------------------------------------------------------------------------------------------
|     |     |     |     |     |     |     |     |     |     |     |     |     |     |     |
|     |     | 18  |     |     |     | 22  |     | 24  | 25  |     |     | 28  |     | 30  |
|     |     |     |     |     |     |     |     |     |     |     |     |     |     |     |
-------------------------------------------------------------------------------------------
|     |     |     |     |     |     |     |     |     |     |     |     |     |     |     |
|     |     | 43  | 42  |     |     |     |     |     |     |     |     | 33  | 32  |     |
|     |     |     |     |     |     |     |     |     |     |     |     |     |     |     |
-------------------------------------------------------------------------------------------
|     |     |     |     |     |     |     |     |     |     |     |     |     |     |     |
| 46  | 47  |     |     |     |     |     | 53  | 54  |     | 56  |     |     | 59  |     |
|     |     |     |     |     |     |     |     |     |     |     |     |     |     |     |
-------------------------------------------------------------------------------------------
|     |     |     |     |     |     |     |     |     |     |     |     |     |     |     |
|     | 74  |     |     |     |     |     | 68  | 67  |     | 65  | 64  | 63  | 62  |     |
|     |     |     |     |     |     |     |     |     |     |     |     |     |     |     |
-------------------------------------------------------------------------------------------
|     |     |     |     |     |     |     |     |     |     |     |     |     |     |     |
| 76  |     |     | 79  |     | 81  |     |     |     |     |     | 87  |     | 89  | 90  |
|     |     |     |     |     |     |     |     |     |     |     |     |     |     |     |
-------------------------------------------------------------------------------------------
|     |     |     |     |     |     |     |     |     |     |     |     |     |     |     |
| 105 |     | 103 | 102 |     |     |     |     |     |     |     |     |     |     |     |
|     |     |     |     |     |     |     |     |     |     |     |     |     |     |     |
-------------------------------------------------------------------------------------------
|     |     |     |     |     |     |     |     |     |     |     |     |     |     |     |
| 106 |     |     |     |     |     | 112 | 113 |     |     |     |     |     | 119 |     |
|     |     |     |     |     |     |     |     |     |     |     |     |     |     |     |
-------------------------------------------------------------------------------------------
|     |     |     |     |     |     |     |     |     |     |     |     |     |     |     |
|     |     |     |     | 131 |     | 129 |     |     |     |     | 124 | 123 |     | 121 |
|     |     |     |     |     |     |     |     |     |     |     |     |     |     |     |
-------------------------------------------------------------------------------------------
|     |     |     |     |     |     |     |     |     |     |     |     |     |     |     |
|     |     |     | 139 |     |     |     |     |     |     |     |     |     |     | 150 |
|     |     |     |     |     |     |     |     |     |     |     |     |     |     |     |
-------------------------------------------------------------------------------------------
|     |     |     |     |     |     |     |     |     |     |     |     |     |     |     |
|     |     |     | 162 |     |     |     |     | 157 |     |     |     | 153 |     |     |
|     |     |     |     |     |     |     |     |     |     |     |     |     |     |     |
-------------------------------------------------------------------------------------------
|     |     |     |     |     |     |     |     |     |     |     |     |     |     |     |
|     | 167 | 168 |     |     |     |     |     |     |     |     |     |     |     |     |
|     |     |     |     |     |     |     |     |     |     |     |     |     |     |     |
-------------------------------------------------------------------------------------------
|     |     |     |     |     |     |     |     |     |     |     |     |     |     |     |
|     |     |     |     |     |     |     | 188 | 187 |     | 185 |     |     | 182 |     |
|     |     |     |     |     |     |     |     |     |     |     |     |     |     |     |
-------------------------------------------------------------------------------------------
|     |     |     |     |     |     |     |     |     |     |     |     |     |     |     |
|     | 197 |     |     |     |     |     |     | 204 |     |     |     | 208 |     |     |
|     |     |     |     |     |     |     |     |     |     |     |     |     |     |     |
-------------------------------------------------------------------------------------------
|     |     |     |     |     |     |     |     |     |     |     |     |     |     |     |
| 225 |     |     |     |     |     |     |     |     | 216 | 215 | 214 | 213 |     |     |
|     |     |     |     |     |     |     |     |     |     |     |     |     |     |     |
-------------------------------------------------------------------------------------------
