hidoku with size 14
-------------------------------------------------------------------------------------
|     |     |     |     |     |     |     |     |     |     |     |     |     |     |
| 14  | 13  |     |     |     |     | 8   |     |     |     | 4   |     | 2   | 1   |
|     |     |     |     |     |     |     |     |     |     |     |     |     |     |
-------------------------------------------------------------------------------------
|     |     |     |     |     |     |     |     |     |     |     |     |     |     |
|     |     |     |     |     |     |     |     |     | 24  | 25  |     |     | 28  |
|     |     |     |     |     |     |     |     |     |     |     |     |     |     |
-------------------------------------------------------------------------------------
|     |     |     |     |     |     |     |     |     |     |     |     |     |     |
| 42  |     |     |     |     | 37  | 36  | 35  |     | 33  | 32  |     | 30  |     |
|     |     |     |     |     |     |     |     |     |     |     |     |     |     |
-------------------------------------------------------------------------------------
|     |     |     |     |     |     |     |     |     |     |     |     |     |     |
|     |     |     |     |     |     |     |     |     | 52  |     |     |     | 56  |
|     |     |     |     |     |     |     |     |     |     |     |     |     |     |
-------------------------------------------------------------------------------------
|     |     |     |     |     |     |     |     |     |     |     |     |     |     |
|     | 69  |     |     | 66  |     |     |     |     |     |     |     |     | 57  |
|     |     |     |     |     |     |     |     |     |     |     |     |     |     |
-------------------------------------------------------------------------------------
|     |     |     |     |     |     |     |     |     |     |     |     |     |     |
| 71  | 72  |     |     | 75  |     |     | 78  | 79  |     | 81  |     |     |     |
|     |     |     |     |     |     |     |     |     |     |     |     |     |     |
-------------------------------------------------------------------------------------
|     |     |     |     |     |     |     |     |     |     |     |     |     |     |
|     |     |     |     |     |     |     | 91  | 90  | 89  |     | 87  |     |     |
|     |     |     |     |     |     |     |     |     |     |     |     |     |     |
-------------------------------------------------------------------------------------
|     |     |     |     |     |     |     |     |     |     |     |     |     |     |
|     |     |     |     |     |     | 105 |     |     | 108 |     |     |     |     |
|     |     |     |     |     |     |     |     |     |     |     |     |     |     |
-------------------------------------------------------------------------------------
|     |     |     |     |     |     |     |     |     |     |     |     |     |     |
|     | 125 |     |     |     | 121 | 120 | 119 |     |     | 116 |     |     | 113 |
|     |     |     |     |     |     |     |     |     |     |     |     |     |     |
-------------------------------------------------------------------------------------
|     |     |     |     |     |     |     |     |     |     |     |     |     |     |
|     |     | 129 | 130 |     |     |     |     |     |     |     |     |     |     |
|     |     |     |     |     |     |     |     |     |     |     |     |     |     |
-------------------------------------------------------------------------------------
|     |     |     |     |     |     |     |     |     |     |     |     |     |     |
|     |     |     | 151 | 150 |     |     | 147 | 146 |     | 144 |     |     | 141 |
|     |     |     |     |     |     |     |     |     |     |     |     |     |     |
-------------------------------------------------------------------------------------
|     |     |     |     |     |     |     |     |     |     |     |     |     |     |
|     |     |     |     |     |     |     |     |     |     | 165 |     |     |     |
|     |     |     |     |     |     |     |     |     |     |     |     |     |     |
-------------------------------------------------------------------------------------
|     |     |     |     |     |     |     |     |     |     |     |     |     |     |
|     |     |     |     | 178 | 177 |     | 175 |     | 173 |     | 171 |     | 169 |
|     |     |     |     |     |     |     |     |     |     |     |     |     |     |
-------------------------------------------------------------------------------------
|     |     |     |     |     |     |     |     |     |     |     |     |     |     |
|     | 184 |     |     |     |     |     |     | 191 |     |     | 194 |     | 196 |
|     |     |     |     |     |     |     |     |     |     |     |     |     |     |
-------------------------------------------------------------------------------------
