hidoku with size 12
-------------------------------------------------------------------------
|     |     |     |     |     |     |     |     |     |     |     |     |
| 12  |     |     |     |     |     |     |     | 4   |     |     | 1   |
|     |     |     |     |     |     |     |     |     |     |     |     |
-------------------------------------------------------------------------
|     |     |     |     |     |     |     |     |     |     |     |     |
| 13  | 14  | 15  | 16  |     |     |     |     |     |     |     | 25  |
|     |     |     |     |     |     |     |     |     |     |     |     |
-------------------------------------------------------------------------
|     |     |     |     |     |     |     |     |     |     |     |     |
|     |     |     |     | 32  |     | 30  |     |     |     | 26  |     |
|     |     |     |     |     |     |     |     |     |     |     |     |
-------------------------------------------------------------------------
|     |     |     |     |     |     |     |     |     |     |     |     |
| 37  |     |     |     |     |     |     | 44  | 45  |     | 47  |     |
|     |     |     |     |     |     |     |     |     |     |     |     |
-------------------------------------------------------------------------
|     |     |     |     |     |     |     |     |     |     |     |     |
|     |     | 58  | 57  | 56  |     | 54  |     | 52  |     |     | 49  |
|     |     |     |     |     |     |     |     |     |     |     |     |
-------------------------------------------------------------------------
|     |     |     |     |     |     |     |     |     |     |     |     |
|     |     |     |     | 65  |     |     |     | 69  |     |     |     |
|     |     |     |     |     |     |     |     |     |     |     |     |
-------------------------------------------------------------------------
|     |     |     |     |     |     |     |     |     |     |     |     |
|     |     |     | 81  | 80  |     |     | 77  |     | 75  |     |     |
|     |     |     |     |     |     |     |     |     |     |     |     |
-------------------------------------------------------------------------
|     |     |     |     |     |     |     |     |     |     |     |     |
|     | 86  |     |     | 89  |     |     | 92  |     |     |     |     |
|     |     |     |     |     |     |     |     |     |     |     |     |
-------------------------------------------------------------------------
|     |     |     |     |     |     |     |     |     |     |     |     |
|     |     |     |     |     | 103 |     |     |     |     |     |     |
|     |     |     |     |     |     |     |     |     |     |     |     |
-------------------------------------------------------------------------
|     |     |     |     |     |     |     |     |     |     |     |     |
|     |     | 111 | 112 |     | 114 |     |     |     | 118 |     |     |
|     |     |     |     |     |     |     |     |     |     |     |     |
-------------------------------------------------------------------------
|     |     |     |     |     |     |     |     |     |     |     |     |
|     |     |     | 129 |     |     | 126 |     |     |     |     |     |
|     |     |     |     |     |     |     |     |     |     |     |     |
-------------------------------------------------------------------------
|     |     |     |     |     |     |     |     |     |     |     |     |
|     |     | 135 |     |     |     |     | 140 |     |     | 143 | 144 |
|     |     |     |     |     |     |     |     |     |     |     |     |
-------------------------------------------------------------------------
