hidoku with size 12
-------------------------------------------------------------------------
|     |     |     |     |     |     |     |     |     |     |     |     |
| 12  |     |     |     | 8   |     |     |     |     |     |     | 1   |
|     |     |     |     |     |     |     |     |     |     |     |     |
-------------------------------------------------------------------------
|     |     |     |     |     |     |     |     |     |     |     |     |
| 13  |     |     |     | 17  | 18  |     |     | 21  | 22  |     |     |
|     |     |     |     |     |     |     |     |     |     |     |     |
-------------------------------------------------------------------------
|     |     |     |     |     |     |     |     |     |     |     |     |
| 36  |     |     |     | 32  |     | 30  |     |     |     |     |     |
|     |     |     |     |     |     |     |     |     |     |     |     |
-------------------------------------------------------------------------
|     |     |     |     |     |     |     |     |     |     |     |     |
|     |     | 39  |     |     | 42  |     |     | 45  |     |     | 48  |
|     |     |     |     |     |     |     |     |     |     |     |     |
-------------------------------------------------------------------------
|     |     |     |     |     |     |     |     |     |     |     |     |
| 60  | 59  |     |     |     |     |     |     | 52  | 51  |     |     |
|     |     |     |     |     |     |     |     |     |     |     |     |
-------------------------------------------------------------------------
|     |     |     |     |     |     |     |     |     |     |     |     |
|     |     | 63  |     |     |     |     |     |     |     |     |     |
|     |     |     |     |     |     |     |     |     |     |     |     |
-------------------------------------------------------------------------
|     |     |     |     |     |     |     |     |     |     |     |     |
|     | 83  |     |     |     |     |     | 77  |     |     |     | 73  |
|     |     |     |     |     |     |     |     |     |     |     |     |
-------------------------------------------------------------------------
|     |     |     |     |     |     |     |     |     |     |     |     |
| 85  | 86  |     |     |     |     |     |     |     | 94  |     | 96  |
|     |     |     |     |     |     |     |     |     |     |     |     |
-------------------------------------------------------------------------
|     |     |     |     |     |     |     |     |     |     |     |     |
|     | 107 |     |     |     |     | 102 |     | 100 | 99  | 98  |     |
|     |     |     |     |     |     |     |     |     |     |     |     |
-------------------------------------------------------------------------
|     |     |     |     |     |     |     |     |     |     |     |     |
|     |     |     |     |     | 114 |     |     |     |     | 119 |     |
|     |     |     |     |     |     |     |     |     |     |     |     |
-------------------------------------------------------------------------
|     |     |     |     |     |     |     |     |     |     |     |     |
|     | 131 | 130 | 129 |     | 127 | 126 | 125 |     |     |     |     |
|     |     |     |     |     |     |     |     |     |     |     |     |
-------------------------------------------------------------------------
|     |     |     |     |     |     |     |     |     |     |     |     |
| 133 |     |     |     |     |     |     |     |     |     |     | 144 |
|     |     |     |     |     |     |     |     |     |     |     |     |
-------------------------------------------------------------------------
