hidoku with size 21
-------------------------------------------------------------------------------------------------------------------------------
|     |     |     |     |     |     |     |     |     |     |     |     |     |     |     |     |     |     |     |     |     |
| 21  |     |     | 18  | 17  | 16  | 15  |     |     |     | 11  | 10  | 9   |     |     | 6   | 5   | 4   |     | 2   | 1   |
|     |     |     |     |     |     |     |     |     |     |     |     |     |     |     |     |     |     |     |     |     |
-------------------------------------------------------------------------------------------------------------------------------
|     |     |     |     |     |     |     |     |     |     |     |     |     |     |     |     |     |     |     |     |     |
| 22  |     |     |     |     |     | 28  |     |     | 31  | 32  | 33  |     |     | 36  |     |     | 39  |     | 41  | 42  |
|     |     |     |     |     |     |     |     |     |     |     |     |     |     |     |     |     |     |     |     |     |
-------------------------------------------------------------------------------------------------------------------------------
|     |     |     |     |     |     |     |     |     |     |     |     |     |     |     |     |     |     |     |     |     |
|     |     | 61  | 60  |     |     | 57  | 56  |     | 54  |     | 52  |     |     |     | 48  |     | 46  | 45  |     | 43  |
|     |     |     |     |     |     |     |     |     |     |     |     |     |     |     |     |     |     |     |     |     |
-------------------------------------------------------------------------------------------------------------------------------
|     |     |     |     |     |     |     |     |     |     |     |     |     |     |     |     |     |     |     |     |     |
| 63  |     |     | 67  | 68  | 69  |     |     | 72  | 73  | 74  |     |     |     |     |     |     | 81  | 82  |     | 84  |
|     |     |     |     |     |     |     |     |     |     |     |     |     |     |     |     |     |     |     |     |     |
-------------------------------------------------------------------------------------------------------------------------------
|     |     |     |     |     |     |     |     |     |     |     |     |     |     |     |     |     |     |     |     |     |
| 105 | 104 |     | 102 |     |     |     | 98  |     |     | 95  | 94  |     |     |     |     | 89  |     |     |     | 85  |
|     |     |     |     |     |     |     |     |     |     |     |     |     |     |     |     |     |     |     |     |     |
-------------------------------------------------------------------------------------------------------------------------------
|     |     |     |     |     |     |     |     |     |     |     |     |     |     |     |     |     |     |     |     |     |
| 106 | 107 | 108 |     |     |     |     | 113 | 114 |     | 116 | 117 |     |     | 120 | 121 |     |     | 124 | 125 |     |
|     |     |     |     |     |     |     |     |     |     |     |     |     |     |     |     |     |     |     |     |     |
-------------------------------------------------------------------------------------------------------------------------------
|     |     |     |     |     |     |     |     |     |     |     |     |     |     |     |     |     |     |     |     |     |
| 147 |     |     | 144 | 143 | 142 | 141 | 140 | 139 |     |     | 136 | 135 |     | 133 |     |     | 130 |     | 128 |     |
|     |     |     |     |     |     |     |     |     |     |     |     |     |     |     |     |     |     |     |     |     |
-------------------------------------------------------------------------------------------------------------------------------
|     |     |     |     |     |     |     |     |     |     |     |     |     |     |     |     |     |     |     |     |     |
| 148 |     | 150 |     | 152 |     | 154 | 155 | 156 | 157 |     |     | 160 | 161 |     |     | 164 |     | 166 |     | 168 |
|     |     |     |     |     |     |     |     |     |     |     |     |     |     |     |     |     |     |     |     |     |
-------------------------------------------------------------------------------------------------------------------------------
|     |     |     |     |     |     |     |     |     |     |     |     |     |     |     |     |     |     |     |     |     |
| 189 | 188 |     | 186 |     | 184 |     | 182 | 181 | 180 | 179 |     |     | 176 |     | 174 |     |     |     |     | 169 |
|     |     |     |     |     |     |     |     |     |     |     |     |     |     |     |     |     |     |     |     |     |
-------------------------------------------------------------------------------------------------------------------------------
|     |     |     |     |     |     |     |     |     |     |     |     |     |     |     |     |     |     |     |     |     |
|     |     | 192 | 193 |     |     | 196 | 197 |     | 199 | 200 |     | 202 | 203 | 204 |     |     | 207 |     | 209 |     |
|     |     |     |     |     |     |     |     |     |     |     |     |     |     |     |     |     |     |     |     |     |
-------------------------------------------------------------------------------------------------------------------------------
|     |     |     |     |     |     |     |     |     |     |     |     |     |     |     |     |     |     |     |     |     |
| 231 |     | 229 | 228 | 227 | 226 |     |     | 223 | 222 |     |     | 219 |     | 217 | 216 |     | 214 |     |     | 211 |
|     |     |     |     |     |     |     |     |     |     |     |     |     |     |     |     |     |     |     |     |     |
-------------------------------------------------------------------------------------------------------------------------------
|     |     |     |     |     |     |     |     |     |     |     |     |     |     |     |     |     |     |     |     |     |
|     | 233 | 234 | 235 |     | 237 | 238 | 239 |     |     |     |     | 244 |     |     |     | 248 | 249 |     | 251 | 252 |
|     |     |     |     |     |     |     |     |     |     |     |     |     |     |     |     |     |     |     |     |     |
-------------------------------------------------------------------------------------------------------------------------------
|     |     |     |     |     |     |     |     |     |     |     |     |     |     |     |     |     |     |     |     |     |
|     |     | 271 | 270 |     | 268 |     | 266 |     | 264 | 263 |     |     | 260 | 259 |     |     | 256 |     |     |     |
|     |     |     |     |     |     |     |     |     |     |     |     |     |     |     |     |     |     |     |     |     |
-------------------------------------------------------------------------------------------------------------------------------
|     |     |     |     |     |     |     |     |     |     |     |     |     |     |     |     |     |     |     |     |     |
| 274 |     | 276 |     |     |     |     |     |     |     | 284 | 285 | 286 |     | 288 | 289 |     |     |     | 293 | 294 |
|     |     |     |     |     |     |     |     |     |     |     |     |     |     |     |     |     |     |     |     |     |
-------------------------------------------------------------------------------------------------------------------------------
|     |     |     |     |     |     |     |     |     |     |     |     |     |     |     |     |     |     |     |     |     |
|     | 314 | 313 |     |     |     | 309 |     | 307 |     |     | 304 | 303 |     |     | 300 |     |     |     |     | 295 |
|     |     |     |     |     |     |     |     |     |     |     |     |     |     |     |     |     |     |     |     |     |
-------------------------------------------------------------------------------------------------------------------------------
|     |     |     |     |     |     |     |     |     |     |     |     |     |     |     |     |     |     |     |     |     |
|     | 317 | 318 | 319 | 320 | 321 | 322 |     | 324 |     | 326 |     | 328 | 329 |     | 331 | 332 | 333 |     |     |     |
|     |     |     |     |     |     |     |     |     |     |     |     |     |     |     |     |     |     |     |     |     |
-------------------------------------------------------------------------------------------------------------------------------
|     |     |     |     |     |     |     |     |     |     |     |     |     |     |     |     |     |     |     |     |     |
|     |     |     | 354 | 353 | 352 |     |     |     | 348 | 347 | 346 |     | 344 |     | 342 | 341 | 340 |     | 338 | 337 |
|     |     |     |     |     |     |     |     |     |     |     |     |     |     |     |     |     |     |     |     |     |
-------------------------------------------------------------------------------------------------------------------------------
|     |     |     |     |     |     |     |     |     |     |     |     |     |     |     |     |     |     |     |     |     |
| 358 |     | 360 |     | 362 | 363 |     |     |     | 367 | 368 |     | 370 |     | 372 |     | 374 | 375 | 376 |     |     |
|     |     |     |     |     |     |     |     |     |     |     |     |     |     |     |     |     |     |     |     |     |
-------------------------------------------------------------------------------------------------------------------------------
|     |     |     |     |     |     |     |     |     |     |     |     |     |     |     |     |     |     |     |     |     |
| 399 | 398 |     |     | 395 |     |     | 392 |     |     |     | 388 |     | 386 |     |     | 383 |     | 381 |     |     |
|     |     |     |     |     |     |     |     |     |     |     |     |     |     |     |     |     |     |     |     |     |
-------------------------------------------------------------------------------------------------------------------------------
|     |     |     |     |     |     |     |     |     |     |     |     |     |     |     |     |     |     |     |     |     |
| 400 | 401 |     | 403 | 404 | 405 |     |     | 408 |     | 410 |     |     | 413 | 414 | 415 |     | 417 | 418 |     |     |
|     |     |     |     |     |     |     |     |     |     |     |     |     |     |     |     |     |     |     |     |     |
-------------------------------------------------------------------------------------------------------------------------------
|     |     |     |     |     |     |     |     |     |     |     |     |     |     |     |     |     |     |     |     |     |
| 441 | 440 |     |     | 437 |     |     | 434 | 433 |     |     |     | 429 |     |     | 426 |     | 424 |     |     | 421 |
|     |     |     |     |     |     |     |     |     |     |     |     |     |     |     |     |     |     |     |     |     |
-------------------------------------------------------------------------------------------------------------------------------
