hidoku with size 14
-------------------------------------------------------------------------------------
|     |     |     |     |     |     |     |     |     |     |     |     |     |     |
|     |     |     |     | 10  |     |     | 7   |     | 5   | 4   |     |     | 1   |
|     |     |     |     |     |     |     |     |     |     |     |     |     |     |
-------------------------------------------------------------------------------------
|     |     |     |     |     |     |     |     |     |     |     |     |     |     |
|     |     | 17  |     |     | 20  |     | 22  |     | 24  |     | 26  |     | 28  |
|     |     |     |     |     |     |     |     |     |     |     |     |     |     |
-------------------------------------------------------------------------------------
|     |     |     |     |     |     |     |     |     |     |     |     |     |     |
| 42  | 41  | 40  | 39  | 38  |     |     | 35  |     |     |     | 31  |     |     |
|     |     |     |     |     |     |     |     |     |     |     |     |     |     |
-------------------------------------------------------------------------------------
|     |     |     |     |     |     |     |     |     |     |     |     |     |     |
|     |     | 45  |     |     |     |     | 50  |     |     |     | 54  |     | 56  |
|     |     |     |     |     |     |     |     |     |     |     |     |     |     |
-------------------------------------------------------------------------------------
|     |     |     |     |     |     |     |     |     |     |     |     |     |     |
| 70  |     | 68  |     |     | 65  |     | 63  |     |     | 60  |     |     |     |
|     |     |     |     |     |     |     |     |     |     |     |     |     |     |
-------------------------------------------------------------------------------------
|     |     |     |     |     |     |     |     |     |     |     |     |     |     |
|     |     | 73  | 74  |     |     |     |     |     |     | 81  |     | 83  |     |
|     |     |     |     |     |     |     |     |     |     |     |     |     |     |
-------------------------------------------------------------------------------------
|     |     |     |     |     |     |     |     |     |     |     |     |     |     |
|     |     |     | 95  | 94  |     |     | 91  |     |     | 88  |     | 86  |     |
|     |     |     |     |     |     |     |     |     |     |     |     |     |     |
-------------------------------------------------------------------------------------
|     |     |     |     |     |     |     |     |     |     |     |     |     |     |
|     | 100 | 101 | 102 | 103 | 104 |     |     |     |     |     | 110 |     |     |
|     |     |     |     |     |     |     |     |     |     |     |     |     |     |
-------------------------------------------------------------------------------------
|     |     |     |     |     |     |     |     |     |     |     |     |     |     |
|     |     |     |     |     | 121 | 120 | 119 |     |     |     |     | 114 |     |
|     |     |     |     |     |     |     |     |     |     |     |     |     |     |
-------------------------------------------------------------------------------------
|     |     |     |     |     |     |     |     |     |     |     |     |     |     |
| 127 |     | 129 |     | 131 |     |     |     | 135 |     |     |     |     |     |
|     |     |     |     |     |     |     |     |     |     |     |     |     |     |
-------------------------------------------------------------------------------------
|     |     |     |     |     |     |     |     |     |     |     |     |     |     |
|     |     |     |     |     | 149 |     |     |     |     |     |     | 142 |     |
|     |     |     |     |     |     |     |     |     |     |     |     |     |     |
-------------------------------------------------------------------------------------
|     |     |     |     |     |     |     |     |     |     |     |     |     |     |
| 155 |     |     | 158 |     | 160 |     |     |     |     |     | 166 | 167 |     |
|     |     |     |     |     |     |     |     |     |     |     |     |     |     |
-------------------------------------------------------------------------------------
|     |     |     |     |     |     |     |     |     |     |     |     |     |     |
|     |     |     |     |     | 177 |     |     | 174 |     |     |     |     |     |
|     |     |     |     |     |     |     |     |     |     |     |     |     |     |
-------------------------------------------------------------------------------------
|     |     |     |     |     |     |     |     |     |     |     |     |     |     |
|     |     |     |     | 187 | 188 |     |     |     | 192 | 193 |     | 195 | 196 |
|     |     |     |     |     |     |     |     |     |     |     |     |     |     |
-------------------------------------------------------------------------------------
