hidoku with size 12
-------------------------------------------------------------------------
|     |     |     |     |     |     |     |     |     |     |     |     |
|     | 11  | 10  | 9   |     |     |     |     |     |     | 2   | 1   |
|     |     |     |     |     |     |     |     |     |     |     |     |
-------------------------------------------------------------------------
|     |     |     |     |     |     |     |     |     |     |     |     |
| 13  | 14  |     | 16  | 17  |     |     |     |     |     | 23  |     |
|     |     |     |     |     |     |     |     |     |     |     |     |
-------------------------------------------------------------------------
|     |     |     |     |     |     |     |     |     |     |     |     |
|     |     |     |     | 32  | 31  |     |     |     |     |     |     |
|     |     |     |     |     |     |     |     |     |     |     |     |
-------------------------------------------------------------------------
|     |     |     |     |     |     |     |     |     |     |     |     |
|     |     |     |     |     |     |     | 44  |     |     | 47  |     |
|     |     |     |     |     |     |     |     |     |     |     |     |
-------------------------------------------------------------------------
|     |     |     |     |     |     |     |     |     |     |     |     |
|     | 59  |     |     | 56  |     | 54  |     |     | 51  |     |     |
|     |     |     |     |     |     |     |     |     |     |     |     |
-------------------------------------------------------------------------
|     |     |     |     |     |     |     |     |     |     |     |     |
|     |     |     |     |     |     |     |     | 69  |     |     |     |
|     |     |     |     |     |     |     |     |     |     |     |     |
-------------------------------------------------------------------------
|     |     |     |     |     |     |     |     |     |     |     |     |
|     |     |     |     | 80  | 79  |     |     |     |     | 74  |     |
|     |     |     |     |     |     |     |     |     |     |     |     |
-------------------------------------------------------------------------
|     |     |     |     |     |     |     |     |     |     |     |     |
|     | 86  |     |     |     |     |     | 92  | 93  |     | 95  | 96  |
|     |     |     |     |     |     |     |     |     |     |     |     |
-------------------------------------------------------------------------
|     |     |     |     |     |     |     |     |     |     |     |     |
|     |     |     |     | 104 |     | 102 | 101 |     |     | 98  |     |
|     |     |     |     |     |     |     |     |     |     |     |     |
-------------------------------------------------------------------------
|     |     |     |     |     |     |     |     |     |     |     |     |
|     |     | 111 |     |     | 114 |     |     |     |     |     | 121 |
|     |     |     |     |     |     |     |     |     |     |     |     |
-------------------------------------------------------------------------
|     |     |     |     |     |     |     |     |     |     |     |     |
|     |     |     |     | 128 |     | 126 |     | 124 |     |     |     |
|     |     |     |     |     |     |     |     |     |     |     |     |
-------------------------------------------------------------------------
|     |     |     |     |     |     |     |     |     |     |     |     |
|     |     |     |     |     |     | 139 | 140 |     |     |     | 144 |
|     |     |     |     |     |     |     |     |     |     |     |     |
-------------------------------------------------------------------------
