hidoku with size 23
-------------------------------------------------------------------------------------------------------------------------------------------
|     |     |     |     |     |     |     |     |     |     |     |     |     |     |     |     |     |     |     |     |     |     |     |
| 24  |     | 21  | 20  |     |     | 17  | 16  |     | 14  | 13  | 12  |     |     | 9   | 8   |     | 6   | 5   |     | 3   | 2   | 1   |
|     |     |     |     |     |     |     |     |     |     |     |     |     |     |     |     |     |     |     |     |     |     |     |
-------------------------------------------------------------------------------------------------------------------------------------------
|     |     |     |     |     |     |     |     |     |     |     |     |     |     |     |     |     |     |     |     |     |     |     |
|     | 25  |     | 27  |     |     | 30  | 31  |     |     | 34  | 35  |     |     | 38  |     | 40  |     | 42  | 43  | 44  |     | 46  |
|     |     |     |     |     |     |     |     |     |     |     |     |     |     |     |     |     |     |     |     |     |     |     |
-------------------------------------------------------------------------------------------------------------------------------------------
|     |     |     |     |     |     |     |     |     |     |     |     |     |     |     |     |     |     |     |     |     |     |     |
|     | 68  |     | 66  |     | 64  | 63  |     |     |     |     | 58  |     |     | 55  |     | 53  | 52  |     |     | 49  | 48  |     |
|     |     |     |     |     |     |     |     |     |     |     |     |     |     |     |     |     |     |     |     |     |     |     |
-------------------------------------------------------------------------------------------------------------------------------------------
|     |     |     |     |     |     |     |     |     |     |     |     |     |     |     |     |     |     |     |     |     |     |     |
|     | 71  | 72  | 73  | 74  |     | 76  | 77  | 78  |     | 80  |     |     | 83  | 84  | 85  | 86  | 87  | 88  | 89  |     | 91  | 92  |
|     |     |     |     |     |     |     |     |     |     |     |     |     |     |     |     |     |     |     |     |     |     |     |
-------------------------------------------------------------------------------------------------------------------------------------------
|     |     |     |     |     |     |     |     |     |     |     |     |     |     |     |     |     |     |     |     |     |     |     |
| 115 | 114 | 113 | 112 |     |     |     |     |     |     | 105 | 104 |     |     | 101 | 100 | 99  |     | 97  | 96  | 95  |     |     |
|     |     |     |     |     |     |     |     |     |     |     |     |     |     |     |     |     |     |     |     |     |     |     |
-------------------------------------------------------------------------------------------------------------------------------------------
|     |     |     |     |     |     |     |     |     |     |     |     |     |     |     |     |     |     |     |     |     |     |     |
|     |     |     | 119 |     |     |     | 123 |     | 125 |     |     | 128 |     |     | 131 |     |     |     | 135 | 136 | 137 | 138 |
|     |     |     |     |     |     |     |     |     |     |     |     |     |     |     |     |     |     |     |     |     |     |     |
-------------------------------------------------------------------------------------------------------------------------------------------
|     |     |     |     |     |     |     |     |     |     |     |     |     |     |     |     |     |     |     |     |     |     |     |
| 161 | 160 |     |     | 157 | 156 | 155 | 154 |     |     | 151 | 150 | 149 | 148 | 147 | 146 |     |     | 143 | 142 |     | 140 | 139 |
|     |     |     |     |     |     |     |     |     |     |     |     |     |     |     |     |     |     |     |     |     |     |     |
-------------------------------------------------------------------------------------------------------------------------------------------
|     |     |     |     |     |     |     |     |     |     |     |     |     |     |     |     |     |     |     |     |     |     |     |
|     |     |     | 165 | 166 | 167 | 168 |     |     |     |     | 173 |     |     |     |     | 178 | 179 |     |     | 182 | 183 |     |
|     |     |     |     |     |     |     |     |     |     |     |     |     |     |     |     |     |     |     |     |     |     |     |
-------------------------------------------------------------------------------------------------------------------------------------------
|     |     |     |     |     |     |     |     |     |     |     |     |     |     |     |     |     |     |     |     |     |     |     |
| 207 | 206 |     | 204 |     |     | 201 |     | 199 |     |     | 196 |     | 194 | 193 |     | 191 |     | 189 |     |     | 186 |     |
|     |     |     |     |     |     |     |     |     |     |     |     |     |     |     |     |     |     |     |     |     |     |     |
-------------------------------------------------------------------------------------------------------------------------------------------
|     |     |     |     |     |     |     |     |     |     |     |     |     |     |     |     |     |     |     |     |     |     |     |
| 208 |     |     |     |     | 213 |     |     |     | 217 | 218 |     | 220 | 221 | 222 | 223 | 224 |     |     | 227 |     | 229 |     |
|     |     |     |     |     |     |     |     |     |     |     |     |     |     |     |     |     |     |     |     |     |     |     |
-------------------------------------------------------------------------------------------------------------------------------------------
|     |     |     |     |     |     |     |     |     |     |     |     |     |     |     |     |     |     |     |     |     |     |     |
|     |     | 251 | 250 |     |     |     | 246 |     | 244 | 243 | 242 | 241 |     |     | 238 |     | 236 |     | 234 |     |     |     |
|     |     |     |     |     |     |     |     |     |     |     |     |     |     |     |     |     |     |     |     |     |     |     |
-------------------------------------------------------------------------------------------------------------------------------------------
|     |     |     |     |     |     |     |     |     |     |     |     |     |     |     |     |     |     |     |     |     |     |     |
| 254 |     |     | 257 | 258 | 259 | 260 | 261 | 262 | 263 |     |     | 266 | 267 |     |     |     |     |     |     |     |     | 276 |
|     |     |     |     |     |     |     |     |     |     |     |     |     |     |     |     |     |     |     |     |     |     |     |
-------------------------------------------------------------------------------------------------------------------------------------------
|     |     |     |     |     |     |     |     |     |     |     |     |     |     |     |     |     |     |     |     |     |     |     |
|     | 298 | 297 |     |     | 294 | 293 | 292 | 291 |     |     |     |     |     |     |     | 283 |     | 281 | 280 | 279 |     |     |
|     |     |     |     |     |     |     |     |     |     |     |     |     |     |     |     |     |     |     |     |     |     |     |
-------------------------------------------------------------------------------------------------------------------------------------------
|     |     |     |     |     |     |     |     |     |     |     |     |     |     |     |     |     |     |     |     |     |     |     |
| 300 |     |     | 303 |     |     | 306 | 307 |     |     |     | 311 |     | 313 |     | 315 | 316 |     |     | 319 |     | 321 |     |
|     |     |     |     |     |     |     |     |     |     |     |     |     |     |     |     |     |     |     |     |     |     |     |
-------------------------------------------------------------------------------------------------------------------------------------------
|     |     |     |     |     |     |     |     |     |     |     |     |     |     |     |     |     |     |     |     |     |     |     |
|     | 344 |     |     |     | 340 | 339 | 338 |     | 336 | 335 | 334 | 333 | 332 |     |     | 329 | 328 |     | 326 | 325 |     |     |
|     |     |     |     |     |     |     |     |     |     |     |     |     |     |     |     |     |     |     |     |     |     |     |
-------------------------------------------------------------------------------------------------------------------------------------------
|     |     |     |     |     |     |     |     |     |     |     |     |     |     |     |     |     |     |     |     |     |     |     |
|     | 347 |     |     | 350 | 351 | 352 | 353 | 354 |     | 356 |     |     |     |     | 361 | 362 | 363 | 364 | 365 | 366 |     | 368 |
|     |     |     |     |     |     |     |     |     |     |     |     |     |     |     |     |     |     |     |     |     |     |     |
-------------------------------------------------------------------------------------------------------------------------------------------
|     |     |     |     |     |     |     |     |     |     |     |     |     |     |     |     |     |     |     |     |     |     |     |
|     | 390 | 389 |     | 387 | 386 |     | 384 |     | 382 |     | 380 |     | 378 |     | 376 | 375 | 374 |     |     | 371 | 370 | 369 |
|     |     |     |     |     |     |     |     |     |     |     |     |     |     |     |     |     |     |     |     |     |     |     |
-------------------------------------------------------------------------------------------------------------------------------------------
|     |     |     |     |     |     |     |     |     |     |     |     |     |     |     |     |     |     |     |     |     |     |     |
| 392 | 393 |     | 395 |     |     |     | 399 | 400 | 401 | 402 | 403 |     |     |     | 407 |     |     |     |     | 412 |     | 414 |
|     |     |     |     |     |     |     |     |     |     |     |     |     |     |     |     |     |     |     |     |     |     |     |
-------------------------------------------------------------------------------------------------------------------------------------------
|     |     |     |     |     |     |     |     |     |     |     |     |     |     |     |     |     |     |     |     |     |     |     |
|     |     | 435 | 434 | 433 | 432 | 431 |     |     | 428 | 427 |     |     |     | 423 | 422 | 421 | 420 |     |     |     |     | 415 |
|     |     |     |     |     |     |     |     |     |     |     |     |     |     |     |     |     |     |     |     |     |     |     |
-------------------------------------------------------------------------------------------------------------------------------------------
|     |     |     |     |     |     |     |     |     |     |     |     |     |     |     |     |     |     |     |     |     |     |     |
| 438 |     | 440 | 441 |     |     |     | 445 |     |     | 448 | 449 | 450 |     |     |     |     | 455 | 456 | 457 |     |     |     |
|     |     |     |     |     |     |     |     |     |     |     |     |     |     |     |     |     |     |     |     |     |     |     |
-------------------------------------------------------------------------------------------------------------------------------------------
|     |     |     |     |     |     |     |     |     |     |     |     |     |     |     |     |     |     |     |     |     |     |     |
|     |     |     |     |     |     | 477 | 476 |     | 474 |     | 472 |     | 470 |     |     | 467 | 466 |     |     |     |     |     |
|     |     |     |     |     |     |     |     |     |     |     |     |     |     |     |     |     |     |     |     |     |     |     |
-------------------------------------------------------------------------------------------------------------------------------------------
|     |     |     |     |     |     |     |     |     |     |     |     |     |     |     |     |     |     |     |     |     |     |     |
|     | 485 | 486 |     |     | 489 | 490 |     | 492 |     |     |     | 496 | 497 |     | 499 | 500 |     |     | 503 |     | 505 | 506 |
|     |     |     |     |     |     |     |     |     |     |     |     |     |     |     |     |     |     |     |     |     |     |     |
-------------------------------------------------------------------------------------------------------------------------------------------
|     |     |     |     |     |     |     |     |     |     |     |     |     |     |     |     |     |     |     |     |     |     |     |
| 529 |     | 527 | 526 |     | 524 |     |     |     | 520 |     |     |     |     | 515 |     | 513 |     |     |     |     | 508 |     |
|     |     |     |     |     |     |     |     |     |     |     |     |     |     |     |     |     |     |     |     |     |     |     |
-------------------------------------------------------------------------------------------------------------------------------------------
