hidoku with size 13
-------------------------------------------------------------------------------
|     |     |     |     |     |     |     |     |     |     |     |     |     |
|     |     |     | 10  |     |     |     | 6   |     | 4   | 3   | 2   | 1   |
|     |     |     |     |     |     |     |     |     |     |     |     |     |
-------------------------------------------------------------------------------
|     |     |     |     |     |     |     |     |     |     |     |     |     |
|     |     |     |     |     |     |     | 21  |     | 23  |     | 25  |     |
|     |     |     |     |     |     |     |     |     |     |     |     |     |
-------------------------------------------------------------------------------
|     |     |     |     |     |     |     |     |     |     |     |     |     |
|     |     |     |     |     | 34  |     |     | 31  | 30  |     |     |     |
|     |     |     |     |     |     |     |     |     |     |     |     |     |
-------------------------------------------------------------------------------
|     |     |     |     |     |     |     |     |     |     |     |     |     |
| 40  |     |     |     |     |     |     |     |     |     |     | 51  | 52  |
|     |     |     |     |     |     |     |     |     |     |     |     |     |
-------------------------------------------------------------------------------
|     |     |     |     |     |     |     |     |     |     |     |     |     |
|     |     | 63  | 62  | 61  |     |     |     |     |     |     |     |     |
|     |     |     |     |     |     |     |     |     |     |     |     |     |
-------------------------------------------------------------------------------
|     |     |     |     |     |     |     |     |     |     |     |     |     |
| 66  |     |     |     | 70  |     |     |     |     |     |     |     | 78  |
|     |     |     |     |     |     |     |     |     |     |     |     |     |
-------------------------------------------------------------------------------
|     |     |     |     |     |     |     |     |     |     |     |     |     |
|     | 90  |     | 88  | 87  | 86  |     | 84  |     |     |     |     |     |
|     |     |     |     |     |     |     |     |     |     |     |     |     |
-------------------------------------------------------------------------------
|     |     |     |     |     |     |     |     |     |     |     |     |     |
|     |     |     |     |     |     | 98  |     |     | 101 |     |     |     |
|     |     |     |     |     |     |     |     |     |     |     |     |     |
-------------------------------------------------------------------------------
|     |     |     |     |     |     |     |     |     |     |     |     |     |
| 117 | 116 |     |     | 113 | 112 |     |     | 109 |     | 107 |     |     |
|     |     |     |     |     |     |     |     |     |     |     |     |     |
-------------------------------------------------------------------------------
|     |     |     |     |     |     |     |     |     |     |     |     |     |
|     | 119 |     |     |     |     |     |     | 126 | 127 |     |     |     |
|     |     |     |     |     |     |     |     |     |     |     |     |     |
-------------------------------------------------------------------------------
|     |     |     |     |     |     |     |     |     |     |     |     |     |
|     |     |     |     |     |     |     |     |     |     |     | 132 |     |
|     |     |     |     |     |     |     |     |     |     |     |     |     |
-------------------------------------------------------------------------------
|     |     |     |     |     |     |     |     |     |     |     |     |     |
| 144 |     | 146 |     |     |     |     |     |     | 153 | 154 |     | 156 |
|     |     |     |     |     |     |     |     |     |     |     |     |     |
-------------------------------------------------------------------------------
|     |     |     |     |     |     |     |     |     |     |     |     |     |
| 169 |     |     |     |     | 164 |     |     |     | 160 |     |     |     |
|     |     |     |     |     |     |     |     |     |     |     |     |     |
-------------------------------------------------------------------------------
