hidoku with size 15
-------------------------------------------------------------------------------------------
|     |     |     |     |     |     |     |     |     |     |     |     |     |     |     |
|     |     |     |     |     |     | 9   |     |     |     |     |     |     | 2   | 1   |
|     |     |     |     |     |     |     |     |     |     |     |     |     |     |     |
-------------------------------------------------------------------------------------------
|     |     |     |     |     |     |     |     |     |     |     |     |     |     |     |
| 15  |     |     | 19  |     |     |     |     |     | 25  |     | 27  |     |     |     |
|     |     |     |     |     |     |     |     |     |     |     |     |     |     |     |
-------------------------------------------------------------------------------------------
|     |     |     |     |     |     |     |     |     |     |     |     |     |     |     |
|     |     |     | 42  |     | 40  |     |     | 37  |     |     | 34  | 33  |     | 31  |
|     |     |     |     |     |     |     |     |     |     |     |     |     |     |     |
-------------------------------------------------------------------------------------------
|     |     |     |     |     |     |     |     |     |     |     |     |     |     |     |
| 46  |     |     |     |     |     | 52  |     |     |     |     | 57  |     | 59  |     |
|     |     |     |     |     |     |     |     |     |     |     |     |     |     |     |
-------------------------------------------------------------------------------------------
|     |     |     |     |     |     |     |     |     |     |     |     |     |     |     |
| 75  |     |     |     | 71  |     |     | 68  | 67  | 66  | 65  |     |     |     |     |
|     |     |     |     |     |     |     |     |     |     |     |     |     |     |     |
-------------------------------------------------------------------------------------------
|     |     |     |     |     |     |     |     |     |     |     |     |     |     |     |
|     |     |     |     |     | 81  |     |     |     |     |     |     |     | 89  |     |
|     |     |     |     |     |     |     |     |     |     |     |     |     |     |     |
-------------------------------------------------------------------------------------------
|     |     |     |     |     |     |     |     |     |     |     |     |     |     |     |
|     |     | 103 |     | 101 |     |     |     |     | 96  |     |     | 93  |     | 91  |
|     |     |     |     |     |     |     |     |     |     |     |     |     |     |     |
-------------------------------------------------------------------------------------------
|     |     |     |     |     |     |     |     |     |     |     |     |     |     |     |
| 106 |     |     |     |     |     |     |     |     |     | 116 |     | 118 |     | 120 |
|     |     |     |     |     |     |     |     |     |     |     |     |     |     |     |
-------------------------------------------------------------------------------------------
|     |     |     |     |     |     |     |     |     |     |     |     |     |     |     |
| 135 | 134 |     |     | 131 |     |     | 128 | 127 |     |     | 124 |     |     |     |
|     |     |     |     |     |     |     |     |     |     |     |     |     |     |     |
-------------------------------------------------------------------------------------------
|     |     |     |     |     |     |     |     |     |     |     |     |     |     |     |
| 136 |     | 138 | 139 | 140 |     |     |     |     |     |     |     |     |     |     |
|     |     |     |     |     |     |     |     |     |     |     |     |     |     |     |
-------------------------------------------------------------------------------------------
|     |     |     |     |     |     |     |     |     |     |     |     |     |     |     |
| 165 | 164 |     |     |     |     |     |     |     |     |     |     |     |     | 151 |
|     |     |     |     |     |     |     |     |     |     |     |     |     |     |     |
-------------------------------------------------------------------------------------------
|     |     |     |     |     |     |     |     |     |     |     |     |     |     |     |
|     | 167 | 168 | 169 |     |     |     |     |     |     | 176 |     |     |     | 180 |
|     |     |     |     |     |     |     |     |     |     |     |     |     |     |     |
-------------------------------------------------------------------------------------------
|     |     |     |     |     |     |     |     |     |     |     |     |     |     |     |
| 195 | 194 |     |     | 191 |     |     |     |     |     |     | 184 |     | 182 | 181 |
|     |     |     |     |     |     |     |     |     |     |     |     |     |     |     |
-------------------------------------------------------------------------------------------
|     |     |     |     |     |     |     |     |     |     |     |     |     |     |     |
| 196 | 197 | 198 |     | 200 |     |     |     | 204 |     |     |     |     |     |     |
|     |     |     |     |     |     |     |     |     |     |     |     |     |     |     |
-------------------------------------------------------------------------------------------
|     |     |     |     |     |     |     |     |     |     |     |     |     |     |     |
| 225 |     |     |     |     |     |     |     |     |     | 215 | 214 |     | 212 | 211 |
|     |     |     |     |     |     |     |     |     |     |     |     |     |     |     |
-------------------------------------------------------------------------------------------
