hidoku with size 18
-------------------------------------------------------------------------------------------------------------
|     |     |     |     |     |     |     |     |     |     |     |     |     |     |     |     |     |     |
|     |     |     |     |     |     | 12  |     | 10  | 9   |     | 7   |     | 5   |     | 3   | 2   | 1   |
|     |     |     |     |     |     |     |     |     |     |     |     |     |     |     |     |     |     |
-------------------------------------------------------------------------------------------------------------
|     |     |     |     |     |     |     |     |     |     |     |     |     |     |     |     |     |     |
| 18  | 20  |     |     | 23  |     |     |     | 27  |     |     | 30  |     |     |     | 34  | 35  |     |
|     |     |     |     |     |     |     |     |     |     |     |     |     |     |     |     |     |     |
-------------------------------------------------------------------------------------------------------------
|     |     |     |     |     |     |     |     |     |     |     |     |     |     |     |     |     |     |
|     | 53  | 52  |     | 50  |     | 48  | 47  | 46  |     | 44  | 43  |     | 41  |     |     |     |     |
|     |     |     |     |     |     |     |     |     |     |     |     |     |     |     |     |     |     |
-------------------------------------------------------------------------------------------------------------
|     |     |     |     |     |     |     |     |     |     |     |     |     |     |     |     |     |     |
| 55  | 56  |     | 58  | 59  |     |     | 62  | 63  | 64  |     |     | 67  |     |     |     |     |     |
|     |     |     |     |     |     |     |     |     |     |     |     |     |     |     |     |     |     |
-------------------------------------------------------------------------------------------------------------
|     |     |     |     |     |     |     |     |     |     |     |     |     |     |     |     |     |     |
|     |     |     |     |     |     | 84  | 83  |     |     | 80  |     | 78  |     |     |     |     | 73  |
|     |     |     |     |     |     |     |     |     |     |     |     |     |     |     |     |     |     |
-------------------------------------------------------------------------------------------------------------
|     |     |     |     |     |     |     |     |     |     |     |     |     |     |     |     |     |     |
|     | 92  | 93  |     |     |     |     |     |     |     | 101 |     | 103 | 104 |     | 106 |     | 108 |
|     |     |     |     |     |     |     |     |     |     |     |     |     |     |     |     |     |     |
-------------------------------------------------------------------------------------------------------------
|     |     |     |     |     |     |     |     |     |     |     |     |     |     |     |     |     |     |
|     |     | 124 |     |     | 121 |     | 119 |     | 117 |     | 115 |     |     |     |     |     |     |
|     |     |     |     |     |     |     |     |     |     |     |     |     |     |     |     |     |     |
-------------------------------------------------------------------------------------------------------------
|     |     |     |     |     |     |     |     |     |     |     |     |     |     |     |     |     |     |
|     |     |     |     |     | 132 |     | 134 |     |     | 137 | 138 | 139 | 140 |     |     | 143 | 144 |
|     |     |     |     |     |     |     |     |     |     |     |     |     |     |     |     |     |     |
-------------------------------------------------------------------------------------------------------------
|     |     |     |     |     |     |     |     |     |     |     |     |     |     |     |     |     |     |
|     |     |     |     | 158 |     |     |     | 154 |     |     |     |     |     | 148 | 147 | 146 | 145 |
|     |     |     |     |     |     |     |     |     |     |     |     |     |     |     |     |     |     |
-------------------------------------------------------------------------------------------------------------
|     |     |     |     |     |     |     |     |     |     |     |     |     |     |     |     |     |     |
| 163 |     |     |     |     |     |     |     |     |     | 173 | 174 | 175 |     |     | 178 |     |     |
|     |     |     |     |     |     |     |     |     |     |     |     |     |     |     |     |     |     |
-------------------------------------------------------------------------------------------------------------
|     |     |     |     |     |     |     |     |     |     |     |     |     |     |     |     |     |     |
|     |     | 196 |     | 194 |     | 192 |     |     |     |     | 187 | 186 |     |     | 183 |     | 181 |
|     |     |     |     |     |     |     |     |     |     |     |     |     |     |     |     |     |     |
-------------------------------------------------------------------------------------------------------------
|     |     |     |     |     |     |     |     |     |     |     |     |     |     |     |     |     |     |
| 199 | 200 |     |     |     |     | 205 |     | 207 | 208 | 209 | 210 |     | 212 |     |     |     |     |
|     |     |     |     |     |     |     |     |     |     |     |     |     |     |     |     |     |     |
-------------------------------------------------------------------------------------------------------------
|     |     |     |     |     |     |     |     |     |     |     |     |     |     |     |     |     |     |
|     | 233 | 232 |     | 230 |     | 228 |     |     | 225 |     |     | 222 |     |     |     | 218 | 217 |
|     |     |     |     |     |     |     |     |     |     |     |     |     |     |     |     |     |     |
-------------------------------------------------------------------------------------------------------------
|     |     |     |     |     |     |     |     |     |     |     |     |     |     |     |     |     |     |
| 235 | 236 |     |     |     |     | 241 | 242 | 243 |     | 245 |     | 247 | 248 | 249 |     |     |     |
|     |     |     |     |     |     |     |     |     |     |     |     |     |     |     |     |     |     |
-------------------------------------------------------------------------------------------------------------
|     |     |     |     |     |     |     |     |     |     |     |     |     |     |     |     |     |     |
|     | 269 |     |     | 266 | 265 |     |     |     |     |     |     |     |     |     |     | 254 |     |
|     |     |     |     |     |     |     |     |     |     |     |     |     |     |     |     |     |     |
-------------------------------------------------------------------------------------------------------------
|     |     |     |     |     |     |     |     |     |     |     |     |     |     |     |     |     |     |
| 271 | 272 |     |     | 275 |     |     |     | 279 | 280 |     | 282 | 283 |     | 285 |     |     | 288 |
|     |     |     |     |     |     |     |     |     |     |     |     |     |     |     |     |     |     |
-------------------------------------------------------------------------------------------------------------
|     |     |     |     |     |     |     |     |     |     |     |     |     |     |     |     |     |     |
|     |     | 304 |     |     |     |     |     | 298 | 297 | 296 |     |     |     | 292 | 291 |     | 289 |
|     |     |     |     |     |     |     |     |     |     |     |     |     |     |     |     |     |     |
-------------------------------------------------------------------------------------------------------------
|     |     |     |     |     |     |     |     |     |     |     |     |     |     |     |     |     |     |
|     | 308 |     |     | 311 | 312 |     |     | 315 | 316 |     | 318 |     |     | 321 |     | 323 | 324 |
|     |     |     |     |     |     |     |     |     |     |     |     |     |     |     |     |     |     |
-------------------------------------------------------------------------------------------------------------
