hidoku with size 16
-------------------------------------------------------------------------------------------------
|     |     |     |     |     |     |     |     |     |     |     |     |     |     |     |     |
|     | 15  | 14  | 13  |     |     |     | 9   |     |     |     | 5   | 4   | 3   |     | 1   |
|     |     |     |     |     |     |     |     |     |     |     |     |     |     |     |     |
-------------------------------------------------------------------------------------------------
|     |     |     |     |     |     |     |     |     |     |     |     |     |     |     |     |
| 17  | 18  |     |     | 21  |     | 23  |     |     | 26  |     |     | 29  |     |     |     |
|     |     |     |     |     |     |     |     |     |     |     |     |     |     |     |     |
-------------------------------------------------------------------------------------------------
|     |     |     |     |     |     |     |     |     |     |     |     |     |     |     |     |
|     |     |     | 45  | 44  | 43  |     |     |     |     |     | 37  | 36  |     |     | 33  |
|     |     |     |     |     |     |     |     |     |     |     |     |     |     |     |     |
-------------------------------------------------------------------------------------------------
|     |     |     |     |     |     |     |     |     |     |     |     |     |     |     |     |
|     | 50  |     | 52  |     | 54  |     |     | 57  | 58  |     |     |     | 62  | 63  |     |
|     |     |     |     |     |     |     |     |     |     |     |     |     |     |     |     |
-------------------------------------------------------------------------------------------------
|     |     |     |     |     |     |     |     |     |     |     |     |     |     |     |     |
| 80  | 79  |     |     |     |     | 74  |     | 72  |     |     |     |     |     | 66  | 65  |
|     |     |     |     |     |     |     |     |     |     |     |     |     |     |     |     |
-------------------------------------------------------------------------------------------------
|     |     |     |     |     |     |     |     |     |     |     |     |     |     |     |     |
| 81  |     | 83  |     | 85  | 86  |     | 88  |     | 90  | 91  |     | 93  |     |     | 96  |
|     |     |     |     |     |     |     |     |     |     |     |     |     |     |     |     |
-------------------------------------------------------------------------------------------------
|     |     |     |     |     |     |     |     |     |     |     |     |     |     |     |     |
| 112 | 111 |     |     |     | 107 | 106 |     |     |     | 102 | 101 | 100 | 99  | 98  |     |
|     |     |     |     |     |     |     |     |     |     |     |     |     |     |     |     |
-------------------------------------------------------------------------------------------------
|     |     |     |     |     |     |     |     |     |     |     |     |     |     |     |     |
|     | 114 | 115 |     | 117 |     |     |     |     |     |     |     |     | 126 |     |     |
|     |     |     |     |     |     |     |     |     |     |     |     |     |     |     |     |
-------------------------------------------------------------------------------------------------
|     |     |     |     |     |     |     |     |     |     |     |     |     |     |     |     |
| 144 |     |     |     |     |     |     |     | 136 | 135 |     |     |     | 131 |     |     |
|     |     |     |     |     |     |     |     |     |     |     |     |     |     |     |     |
-------------------------------------------------------------------------------------------------
|     |     |     |     |     |     |     |     |     |     |     |     |     |     |     |     |
| 145 |     | 147 | 148 |     |     |     | 152 |     |     |     |     |     | 158 |     |     |
|     |     |     |     |     |     |     |     |     |     |     |     |     |     |     |     |
-------------------------------------------------------------------------------------------------
|     |     |     |     |     |     |     |     |     |     |     |     |     |     |     |     |
|     |     |     |     |     | 171 | 170 |     |     |     |     |     |     |     |     |     |
|     |     |     |     |     |     |     |     |     |     |     |     |     |     |     |     |
-------------------------------------------------------------------------------------------------
|     |     |     |     |     |     |     |     |     |     |     |     |     |     |     |     |
|     | 178 |     | 180 |     |     |     | 184 |     |     |     |     |     |     | 191 | 192 |
|     |     |     |     |     |     |     |     |     |     |     |     |     |     |     |     |
-------------------------------------------------------------------------------------------------
|     |     |     |     |     |     |     |     |     |     |     |     |     |     |     |     |
|     |     | 206 |     | 204 |     | 202 |     |     |     |     |     |     | 195 | 194 | 193 |
|     |     |     |     |     |     |     |     |     |     |     |     |     |     |     |     |
-------------------------------------------------------------------------------------------------
|     |     |     |     |     |     |     |     |     |     |     |     |     |     |     |     |
|     |     |     | 212 |     |     | 215 | 216 |     | 218 |     |     | 221 |     |     |     |
|     |     |     |     |     |     |     |     |     |     |     |     |     |     |     |     |
-------------------------------------------------------------------------------------------------
|     |     |     |     |     |     |     |     |     |     |     |     |     |     |     |     |
| 240 |     |     |     |     |     | 234 |     |     | 231 |     |     |     | 227 | 226 |     |
|     |     |     |     |     |     |     |     |     |     |     |     |     |     |     |     |
-------------------------------------------------------------------------------------------------
|     |     |     |     |     |     |     |     |     |     |     |     |     |     |     |     |
|     | 242 |     | 244 | 245 | 246 |     | 248 |     |     |     |     |     |     | 255 | 256 |
|     |     |     |     |     |     |     |     |     |     |     |     |     |     |     |     |
-------------------------------------------------------------------------------------------------
