hidoku with size 20
-------------------------------------------------------------------------------------------------------------------------
|     |     |     |     |     |     |     |     |     |     |     |     |     |     |     |     |     |     |     |     |
|     |     | 18  | 17  |     | 15  |     |     |     |     |     | 9   | 8   |     | 6   |     |     |     |     | 1   |
|     |     |     |     |     |     |     |     |     |     |     |     |     |     |     |     |     |     |     |     |
-------------------------------------------------------------------------------------------------------------------------
|     |     |     |     |     |     |     |     |     |     |     |     |     |     |     |     |     |     |     |     |
|     |     | 23  |     |     |     |     |     |     |     |     |     | 33  |     | 35  | 36  | 37  | 38  |     |     |
|     |     |     |     |     |     |     |     |     |     |     |     |     |     |     |     |     |     |     |     |
-------------------------------------------------------------------------------------------------------------------------
|     |     |     |     |     |     |     |     |     |     |     |     |     |     |     |     |     |     |     |     |
| 61  |     |     | 57  | 56  | 55  |     |     |     |     |     | 49  |     | 47  |     |     | 44  |     | 42  | 41  |
|     |     |     |     |     |     |     |     |     |     |     |     |     |     |     |     |     |     |     |     |
-------------------------------------------------------------------------------------------------------------------------
|     |     |     |     |     |     |     |     |     |     |     |     |     |     |     |     |     |     |     |     |
|     |     | 63  |     |     |     |     | 68  | 69  | 70  | 71  | 72  |     | 74  |     |     |     |     |     |     |
|     |     |     |     |     |     |     |     |     |     |     |     |     |     |     |     |     |     |     |     |
-------------------------------------------------------------------------------------------------------------------------
|     |     |     |     |     |     |     |     |     |     |     |     |     |     |     |     |     |     |     |     |
| 100 | 99  |     |     |     |     |     | 93  |     | 91  | 90  | 89  | 88  |     |     |     | 84  |     | 82  |     |
|     |     |     |     |     |     |     |     |     |     |     |     |     |     |     |     |     |     |     |     |
-------------------------------------------------------------------------------------------------------------------------
|     |     |     |     |     |     |     |     |     |     |     |     |     |     |     |     |     |     |     |     |
| 101 | 102 | 103 |     |     |     | 107 | 108 |     |     | 111 |     |     |     | 115 |     |     |     | 119 | 120 |
|     |     |     |     |     |     |     |     |     |     |     |     |     |     |     |     |     |     |     |     |
-------------------------------------------------------------------------------------------------------------------------
|     |     |     |     |     |     |     |     |     |     |     |     |     |     |     |     |     |     |     |     |
|     |     | 138 |     | 136 | 135 |     |     | 132 |     |     | 129 | 128 |     | 126 |     |     |     |     |     |
|     |     |     |     |     |     |     |     |     |     |     |     |     |     |     |     |     |     |     |     |
-------------------------------------------------------------------------------------------------------------------------
|     |     |     |     |     |     |     |     |     |     |     |     |     |     |     |     |     |     |     |     |
| 141 | 142 | 143 |     |     | 146 | 147 |     |     |     | 151 |     | 153 |     |     | 156 | 157 | 158 |     | 160 |
|     |     |     |     |     |     |     |     |     |     |     |     |     |     |     |     |     |     |     |     |
-------------------------------------------------------------------------------------------------------------------------
|     |     |     |     |     |     |     |     |     |     |     |     |     |     |     |     |     |     |     |     |
|     |     |     | 177 | 176 | 175 | 174 | 173 |     | 171 | 170 |     |     | 167 |     | 165 | 164 |     | 162 |     |
|     |     |     |     |     |     |     |     |     |     |     |     |     |     |     |     |     |     |     |     |
-------------------------------------------------------------------------------------------------------------------------
|     |     |     |     |     |     |     |     |     |     |     |     |     |     |     |     |     |     |     |     |
| 181 |     |     | 184 |     |     |     | 188 |     | 190 |     |     | 193 |     |     |     |     | 198 |     |     |
|     |     |     |     |     |     |     |     |     |     |     |     |     |     |     |     |     |     |     |     |
-------------------------------------------------------------------------------------------------------------------------
|     |     |     |     |     |     |     |     |     |     |     |     |     |     |     |     |     |     |     |     |
|     | 219 | 218 | 217 |     |     | 214 | 213 | 212 |     |     |     | 208 | 207 |     | 205 |     |     |     |     |
|     |     |     |     |     |     |     |     |     |     |     |     |     |     |     |     |     |     |     |     |
-------------------------------------------------------------------------------------------------------------------------
|     |     |     |     |     |     |     |     |     |     |     |     |     |     |     |     |     |     |     |     |
| 221 |     |     | 224 | 225 | 226 |     |     | 229 | 230 | 231 |     |     |     |     | 236 | 237 |     |     |     |
|     |     |     |     |     |     |     |     |     |     |     |     |     |     |     |     |     |     |     |     |
-------------------------------------------------------------------------------------------------------------------------
|     |     |     |     |     |     |     |     |     |     |     |     |     |     |     |     |     |     |     |     |
| 260 | 259 |     |     |     | 255 | 254 |     |     | 251 |     | 249 |     |     |     |     | 244 |     | 242 | 241 |
|     |     |     |     |     |     |     |     |     |     |     |     |     |     |     |     |     |     |     |     |
-------------------------------------------------------------------------------------------------------------------------
|     |     |     |     |     |     |     |     |     |     |     |     |     |     |     |     |     |     |     |     |
|     | 262 |     | 264 | 265 |     | 267 |     |     |     |     |     |     |     |     |     |     |     | 279 | 280 |
|     |     |     |     |     |     |     |     |     |     |     |     |     |     |     |     |     |     |     |     |
-------------------------------------------------------------------------------------------------------------------------
|     |     |     |     |     |     |     |     |     |     |     |     |     |     |     |     |     |     |     |     |
| 300 | 299 |     |     | 296 |     | 294 | 293 |     |     | 290 |     | 288 |     |     | 285 | 284 | 283 | 282 | 281 |
|     |     |     |     |     |     |     |     |     |     |     |     |     |     |     |     |     |     |     |     |
-------------------------------------------------------------------------------------------------------------------------
|     |     |     |     |     |     |     |     |     |     |     |     |     |     |     |     |     |     |     |     |
| 301 |     |     | 304 |     |     | 307 |     | 309 | 310 | 311 |     | 313 | 314 | 315 |     |     |     | 319 |     |
|     |     |     |     |     |     |     |     |     |     |     |     |     |     |     |     |     |     |     |     |
-------------------------------------------------------------------------------------------------------------------------
|     |     |     |     |     |     |     |     |     |     |     |     |     |     |     |     |     |     |     |     |
|     |     |     |     |     |     |     |     | 332 | 331 |     |     |     |     |     |     |     |     |     |     |
|     |     |     |     |     |     |     |     |     |     |     |     |     |     |     |     |     |     |     |     |
-------------------------------------------------------------------------------------------------------------------------
|     |     |     |     |     |     |     |     |     |     |     |     |     |     |     |     |     |     |     |     |
|     |     |     |     |     | 346 |     | 348 |     |     |     |     | 353 | 354 | 355 |     | 357 | 358 |     |     |
|     |     |     |     |     |     |     |     |     |     |     |     |     |     |     |     |     |     |     |     |
-------------------------------------------------------------------------------------------------------------------------
|     |     |     |     |     |     |     |     |     |     |     |     |     |     |     |     |     |     |     |     |
|     |     | 378 | 377 | 376 |     |     | 373 |     |     | 370 | 369 | 368 |     | 366 | 365 | 364 |     | 362 |     |
|     |     |     |     |     |     |     |     |     |     |     |     |     |     |     |     |     |     |     |     |
-------------------------------------------------------------------------------------------------------------------------
|     |     |     |     |     |     |     |     |     |     |     |     |     |     |     |     |     |     |     |     |
|     | 382 |     |     |     | 386 |     |     |     |     |     |     |     |     |     |     |     |     |     | 400 |
|     |     |     |     |     |     |     |     |     |     |     |     |     |     |     |     |     |     |     |     |
-------------------------------------------------------------------------------------------------------------------------
