hidoku with size 24
-------------------------------------------------------------------------------------------------------------------------------------------------
|     |     |     |     |     |     |     |     |     |     |     |     |     |     |     |     |     |     |     |     |     |     |     |     |
|     | 23  | 22  | 21  |     | 19  | 18  |     | 16  | 15  |     | 13  |     |     | 10  | 9   | 8   |     |     |     |     |     | 2   | 1   |
|     |     |     |     |     |     |     |     |     |     |     |     |     |     |     |     |     |     |     |     |     |     |     |     |
-------------------------------------------------------------------------------------------------------------------------------------------------
|     |     |     |     |     |     |     |     |     |     |     |     |     |     |     |     |     |     |     |     |     |     |     |     |
|     | 26  | 27  | 28  |     |     | 31  | 32  |     |     |     | 36  | 37  | 38  |     | 40  | 41  | 42  |     | 44  |     | 46  | 47  |     |
|     |     |     |     |     |     |     |     |     |     |     |     |     |     |     |     |     |     |     |     |     |     |     |     |
-------------------------------------------------------------------------------------------------------------------------------------------------
|     |     |     |     |     |     |     |     |     |     |     |     |     |     |     |     |     |     |     |     |     |     |     |     |
| 72  | 71  | 70  | 69  |     |     | 66  | 65  |     |     |     | 61  | 60  |     |     |     | 56  | 55  |     | 53  | 52  | 51  | 50  | 49  |
|     |     |     |     |     |     |     |     |     |     |     |     |     |     |     |     |     |     |     |     |     |     |     |     |
-------------------------------------------------------------------------------------------------------------------------------------------------
|     |     |     |     |     |     |     |     |     |     |     |     |     |     |     |     |     |     |     |     |     |     |     |     |
|     |     |     | 76  |     |     |     | 80  | 81  | 82  | 83  |     | 85  |     | 87  | 88  |     | 90  |     | 92  | 93  |     | 95  |     |
|     |     |     |     |     |     |     |     |     |     |     |     |     |     |     |     |     |     |     |     |     |     |     |     |
-------------------------------------------------------------------------------------------------------------------------------------------------
|     |     |     |     |     |     |     |     |     |     |     |     |     |     |     |     |     |     |     |     |     |     |     |     |
| 120 |     |     |     |     |     | 114 |     |     | 111 |     |     | 108 | 107 |     |     | 104 | 103 |     |     | 100 |     | 98  | 97  |
|     |     |     |     |     |     |     |     |     |     |     |     |     |     |     |     |     |     |     |     |     |     |     |     |
-------------------------------------------------------------------------------------------------------------------------------------------------
|     |     |     |     |     |     |     |     |     |     |     |     |     |     |     |     |     |     |     |     |     |     |     |     |
|     |     | 123 | 124 |     | 126 | 127 | 128 | 129 |     | 131 | 132 |     | 134 |     | 136 |     | 138 | 139 | 140 | 141 |     |     |     |
|     |     |     |     |     |     |     |     |     |     |     |     |     |     |     |     |     |     |     |     |     |     |     |     |
-------------------------------------------------------------------------------------------------------------------------------------------------
|     |     |     |     |     |     |     |     |     |     |     |     |     |     |     |     |     |     |     |     |     |     |     |     |
| 168 | 167 | 166 | 165 |     |     |     |     | 160 |     | 158 | 157 |     |     | 154 | 153 | 152 | 151 |     |     |     |     |     |     |
|     |     |     |     |     |     |     |     |     |     |     |     |     |     |     |     |     |     |     |     |     |     |     |     |
-------------------------------------------------------------------------------------------------------------------------------------------------
|     |     |     |     |     |     |     |     |     |     |     |     |     |     |     |     |     |     |     |     |     |     |     |     |
| 169 | 170 | 171 |     |     | 174 | 175 | 176 | 177 |     | 179 | 180 | 181 | 182 | 183 |     | 185 |     | 187 | 188 | 189 | 190 |     | 192 |
|     |     |     |     |     |     |     |     |     |     |     |     |     |     |     |     |     |     |     |     |     |     |     |     |
-------------------------------------------------------------------------------------------------------------------------------------------------
|     |     |     |     |     |     |     |     |     |     |     |     |     |     |     |     |     |     |     |     |     |     |     |     |
| 216 |     | 214 | 213 | 212 | 211 | 210 |     |     |     | 206 |     | 204 |     |     |     | 200 |     |     | 197 | 196 |     | 194 |     |
|     |     |     |     |     |     |     |     |     |     |     |     |     |     |     |     |     |     |     |     |     |     |     |     |
-------------------------------------------------------------------------------------------------------------------------------------------------
|     |     |     |     |     |     |     |     |     |     |     |     |     |     |     |     |     |     |     |     |     |     |     |     |
| 217 |     |     |     |     | 222 | 223 | 224 |     |     | 227 | 228 |     |     |     | 232 | 233 |     | 235 | 236 | 237 | 238 | 239 | 240 |
|     |     |     |     |     |     |     |     |     |     |     |     |     |     |     |     |     |     |     |     |     |     |     |     |
-------------------------------------------------------------------------------------------------------------------------------------------------
|     |     |     |     |     |     |     |     |     |     |     |     |     |     |     |     |     |     |     |     |     |     |     |     |
| 264 | 263 |     | 261 |     | 259 | 258 |     | 256 |     |     | 253 | 252 |     |     |     |     |     | 246 | 245 |     |     | 242 |     |
|     |     |     |     |     |     |     |     |     |     |     |     |     |     |     |     |     |     |     |     |     |     |     |     |
-------------------------------------------------------------------------------------------------------------------------------------------------
|     |     |     |     |     |     |     |     |     |     |     |     |     |     |     |     |     |     |     |     |     |     |     |     |
| 265 |     | 267 | 268 | 269 |     |     | 272 | 273 | 274 | 275 |     |     | 278 |     |     | 281 |     |     |     |     |     |     |     |
|     |     |     |     |     |     |     |     |     |     |     |     |     |     |     |     |     |     |     |     |     |     |     |     |
-------------------------------------------------------------------------------------------------------------------------------------------------
|     |     |     |     |     |     |     |     |     |     |     |     |     |     |     |     |     |     |     |     |     |     |     |     |
|     | 311 |     |     | 308 |     |     | 305 | 304 |     |     |     | 300 | 299 |     |     |     |     | 294 |     |     |     |     |     |
|     |     |     |     |     |     |     |     |     |     |     |     |     |     |     |     |     |     |     |     |     |     |     |     |
-------------------------------------------------------------------------------------------------------------------------------------------------
|     |     |     |     |     |     |     |     |     |     |     |     |     |     |     |     |     |     |     |     |     |     |     |     |
|     |     | 315 |     | 317 | 318 |     | 320 |     | 322 | 323 |     |     | 326 | 327 | 328 |     |     |     |     | 333 |     | 335 | 336 |
|     |     |     |     |     |     |     |     |     |     |     |     |     |     |     |     |     |     |     |     |     |     |     |     |
-------------------------------------------------------------------------------------------------------------------------------------------------
|     |     |     |     |     |     |     |     |     |     |     |     |     |     |     |     |     |     |     |     |     |     |     |     |
|     | 359 |     |     |     | 355 |     |     | 352 | 351 |     |     |     | 347 |     |     |     |     |     |     |     |     | 338 | 337 |
|     |     |     |     |     |     |     |     |     |     |     |     |     |     |     |     |     |     |     |     |     |     |     |     |
-------------------------------------------------------------------------------------------------------------------------------------------------
|     |     |     |     |     |     |     |     |     |     |     |     |     |     |     |     |     |     |     |     |     |     |     |     |
|     | 362 |     |     |     |     |     |     | 369 | 370 |     |     |     |     | 375 |     |     | 378 |     | 380 | 381 | 382 | 383 | 384 |
|     |     |     |     |     |     |     |     |     |     |     |     |     |     |     |     |     |     |     |     |     |     |     |     |
-------------------------------------------------------------------------------------------------------------------------------------------------
|     |     |     |     |     |     |     |     |     |     |     |     |     |     |     |     |     |     |     |     |     |     |     |     |
|     | 407 | 406 |     |     | 403 |     |     | 400 | 399 | 398 |     |     | 395 | 394 | 393 |     |     |     |     | 388 |     |     | 385 |
|     |     |     |     |     |     |     |     |     |     |     |     |     |     |     |     |     |     |     |     |     |     |     |     |
-------------------------------------------------------------------------------------------------------------------------------------------------
|     |     |     |     |     |     |     |     |     |     |     |     |     |     |     |     |     |     |     |     |     |     |     |     |
|     |     |     | 412 | 413 | 414 | 415 | 416 |     | 418 | 419 |     |     |     | 423 | 424 | 425 |     | 427 | 428 |     |     |     |     |
|     |     |     |     |     |     |     |     |     |     |     |     |     |     |     |     |     |     |     |     |     |     |     |     |
-------------------------------------------------------------------------------------------------------------------------------------------------
|     |     |     |     |     |     |     |     |     |     |     |     |     |     |     |     |     |     |     |     |     |     |     |     |
|     | 455 |     |     |     |     | 450 |     |     | 447 | 446 | 445 |     | 443 |     | 441 |     | 439 | 438 |     | 436 | 435 |     |     |
|     |     |     |     |     |     |     |     |     |     |     |     |     |     |     |     |     |     |     |     |     |     |     |     |
-------------------------------------------------------------------------------------------------------------------------------------------------
|     |     |     |     |     |     |     |     |     |     |     |     |     |     |     |     |     |     |     |     |     |     |     |     |
|     | 458 | 459 | 460 | 461 | 462 |     |     | 465 | 466 | 467 | 468 |     |     |     | 472 |     | 474 | 475 |     |     |     | 479 |     |
|     |     |     |     |     |     |     |     |     |     |     |     |     |     |     |     |     |     |     |     |     |     |     |     |
-------------------------------------------------------------------------------------------------------------------------------------------------
|     |     |     |     |     |     |     |     |     |     |     |     |     |     |     |     |     |     |     |     |     |     |     |     |
| 504 |     | 502 | 501 | 500 |     |     | 497 | 496 | 495 |     |     |     |     |     | 489 |     | 487 | 486 | 485 |     | 483 | 482 | 481 |
|     |     |     |     |     |     |     |     |     |     |     |     |     |     |     |     |     |     |     |     |     |     |     |     |
-------------------------------------------------------------------------------------------------------------------------------------------------
|     |     |     |     |     |     |     |     |     |     |     |     |     |     |     |     |     |     |     |     |     |     |     |     |
|     | 506 | 507 | 508 | 509 | 510 | 511 | 512 | 513 |     | 515 | 516 | 517 |     |     |     |     | 522 | 523 |     | 525 |     |     |     |
|     |     |     |     |     |     |     |     |     |     |     |     |     |     |     |     |     |     |     |     |     |     |     |     |
-------------------------------------------------------------------------------------------------------------------------------------------------
|     |     |     |     |     |     |     |     |     |     |     |     |     |     |     |     |     |     |     |     |     |     |     |     |
| 552 |     | 550 | 549 | 548 |     |     | 545 |     |     |     | 541 |     |     |     | 537 | 536 | 535 | 534 | 533 | 532 |     | 530 | 529 |
|     |     |     |     |     |     |     |     |     |     |     |     |     |     |     |     |     |     |     |     |     |     |     |     |
-------------------------------------------------------------------------------------------------------------------------------------------------
|     |     |     |     |     |     |     |     |     |     |     |     |     |     |     |     |     |     |     |     |     |     |     |     |
|     | 554 |     | 556 |     |     | 559 |     |     |     |     | 564 |     | 566 |     |     |     | 570 |     | 572 |     | 574 |     | 576 |
|     |     |     |     |     |     |     |     |     |     |     |     |     |     |     |     |     |     |     |     |     |     |     |     |
-------------------------------------------------------------------------------------------------------------------------------------------------
