hidoku with size 15
-------------------------------------------------------------------------------------------
|     |     |     |     |     |     |     |     |     |     |     |     |     |     |     |
| 16  |     |     |     |     | 10  |     |     |     | 6   | 5   |     | 3   | 2   | 1   |
|     |     |     |     |     |     |     |     |     |     |     |     |     |     |     |
-------------------------------------------------------------------------------------------
|     |     |     |     |     |     |     |     |     |     |     |     |     |     |     |
|     |     |     |     |     | 21  |     |     |     |     |     |     |     |     |     |
|     |     |     |     |     |     |     |     |     |     |     |     |     |     |     |
-------------------------------------------------------------------------------------------
|     |     |     |     |     |     |     |     |     |     |     |     |     |     |     |
|     |     |     |     |     |     |     |     | 37  | 36  |     | 34  |     |     |     |
|     |     |     |     |     |     |     |     |     |     |     |     |     |     |     |
-------------------------------------------------------------------------------------------
|     |     |     |     |     |     |     |     |     |     |     |     |     |     |     |
|     | 47  |     |     |     |     | 52  | 53  |     | 55  |     | 57  | 58  |     |     |
|     |     |     |     |     |     |     |     |     |     |     |     |     |     |     |
-------------------------------------------------------------------------------------------
|     |     |     |     |     |     |     |     |     |     |     |     |     |     |     |
|     |     | 73  |     | 71  |     |     |     |     |     | 65  |     |     | 62  |     |
|     |     |     |     |     |     |     |     |     |     |     |     |     |     |     |
-------------------------------------------------------------------------------------------
|     |     |     |     |     |     |     |     |     |     |     |     |     |     |     |
|     |     | 78  | 79  |     |     | 82  |     | 84  |     |     |     |     | 89  |     |
|     |     |     |     |     |     |     |     |     |     |     |     |     |     |     |
-------------------------------------------------------------------------------------------
|     |     |     |     |     |     |     |     |     |     |     |     |     |     |     |
|     |     |     |     | 101 |     |     | 98  | 97  |     |     |     |     | 92  |     |
|     |     |     |     |     |     |     |     |     |     |     |     |     |     |     |
-------------------------------------------------------------------------------------------
|     |     |     |     |     |     |     |     |     |     |     |     |     |     |     |
|     |     |     | 109 | 110 | 111 | 112 | 113 | 114 |     | 116 | 117 | 118 |     |     |
|     |     |     |     |     |     |     |     |     |     |     |     |     |     |     |
-------------------------------------------------------------------------------------------
|     |     |     |     |     |     |     |     |     |     |     |     |     |     |     |
| 135 |     |     |     |     |     | 129 |     |     |     | 125 |     |     | 122 |     |
|     |     |     |     |     |     |     |     |     |     |     |     |     |     |     |
-------------------------------------------------------------------------------------------
|     |     |     |     |     |     |     |     |     |     |     |     |     |     |     |
| 136 | 137 | 138 | 139 |     |     | 142 | 143 | 144 |     |     | 147 |     | 149 | 150 |
|     |     |     |     |     |     |     |     |     |     |     |     |     |     |     |
-------------------------------------------------------------------------------------------
|     |     |     |     |     |     |     |     |     |     |     |     |     |     |     |
| 165 |     |     |     |     | 160 |     |     |     |     | 155 | 154 |     |     |     |
|     |     |     |     |     |     |     |     |     |     |     |     |     |     |     |
-------------------------------------------------------------------------------------------
|     |     |     |     |     |     |     |     |     |     |     |     |     |     |     |
| 166 |     |     | 169 |     |     |     |     |     |     | 176 |     | 178 |     | 180 |
|     |     |     |     |     |     |     |     |     |     |     |     |     |     |     |
-------------------------------------------------------------------------------------------
|     |     |     |     |     |     |     |     |     |     |     |     |     |     |     |
| 195 | 194 | 193 |     |     |     | 189 |     |     |     | 185 |     | 183 | 182 |     |
|     |     |     |     |     |     |     |     |     |     |     |     |     |     |     |
-------------------------------------------------------------------------------------------
|     |     |     |     |     |     |     |     |     |     |     |     |     |     |     |
|     |     | 198 |     |     | 201 |     |     |     | 205 | 206 | 207 |     |     |     |
|     |     |     |     |     |     |     |     |     |     |     |     |     |     |     |
-------------------------------------------------------------------------------------------
|     |     |     |     |     |     |     |     |     |     |     |     |     |     |     |
| 225 |     | 223 |     |     | 220 |     | 218 |     |     | 215 |     | 213 |     |     |
|     |     |     |     |     |     |     |     |     |     |     |     |     |     |     |
-------------------------------------------------------------------------------------------
