hidoku with size 17
-------------------------------------------------------------------------------------------------------
|     |     |     |     |     |     |     |     |     |     |     |     |     |     |     |     |     |
| 17  |     | 15  |     | 13  |     | 11  |     | 9   | 8   | 7   | 6   |     | 4   | 3   |     | 1   |
|     |     |     |     |     |     |     |     |     |     |     |     |     |     |     |     |     |
-------------------------------------------------------------------------------------------------------
|     |     |     |     |     |     |     |     |     |     |     |     |     |     |     |     |     |
|     |     |     | 21  |     | 23  | 24  | 25  |     | 27  |     |     | 30  | 31  |     |     |     |
|     |     |     |     |     |     |     |     |     |     |     |     |     |     |     |     |     |
-------------------------------------------------------------------------------------------------------
|     |     |     |     |     |     |     |     |     |     |     |     |     |     |     |     |     |
|     |     | 49  | 48  | 47  |     |     |     | 43  | 42  |     | 40  |     |     |     | 36  |     |
|     |     |     |     |     |     |     |     |     |     |     |     |     |     |     |     |     |
-------------------------------------------------------------------------------------------------------
|     |     |     |     |     |     |     |     |     |     |     |     |     |     |     |     |     |
|     | 53  |     |     |     |     | 58  |     | 60  | 61  |     |     |     | 65  |     |     |     |
|     |     |     |     |     |     |     |     |     |     |     |     |     |     |     |     |     |
-------------------------------------------------------------------------------------------------------
|     |     |     |     |     |     |     |     |     |     |     |     |     |     |     |     |     |
| 85  |     | 83  | 82  |     | 80  |     | 78  | 77  |     | 75  | 74  | 73  | 72  | 71  | 70  |     |
|     |     |     |     |     |     |     |     |     |     |     |     |     |     |     |     |     |
-------------------------------------------------------------------------------------------------------
|     |     |     |     |     |     |     |     |     |     |     |     |     |     |     |     |     |
| 86  |     | 88  | 89  | 90  | 91  | 92  | 93  |     |     | 96  | 97  | 98  |     |     | 101 |     |
|     |     |     |     |     |     |     |     |     |     |     |     |     |     |     |     |     |
-------------------------------------------------------------------------------------------------------
|     |     |     |     |     |     |     |     |     |     |     |     |     |     |     |     |     |
|     |     |     |     | 115 | 114 |     | 112 |     | 110 | 109 |     | 107 |     |     |     | 103 |
|     |     |     |     |     |     |     |     |     |     |     |     |     |     |     |     |     |
-------------------------------------------------------------------------------------------------------
|     |     |     |     |     |     |     |     |     |     |     |     |     |     |     |     |     |
|     |     |     | 123 | 124 |     |     | 127 | 128 | 129 | 130 | 131 |     | 133 | 134 |     | 136 |
|     |     |     |     |     |     |     |     |     |     |     |     |     |     |     |     |     |
-------------------------------------------------------------------------------------------------------
|     |     |     |     |     |     |     |     |     |     |     |     |     |     |     |     |     |
|     | 152 | 151 | 150 | 149 |     |     |     |     |     |     | 142 |     |     | 139 | 138 | 137 |
|     |     |     |     |     |     |     |     |     |     |     |     |     |     |     |     |     |
-------------------------------------------------------------------------------------------------------
|     |     |     |     |     |     |     |     |     |     |     |     |     |     |     |     |     |
|     | 155 |     | 157 |     | 159 | 160 | 161 | 162 | 163 |     | 165 | 166 |     |     |     | 170 |
|     |     |     |     |     |     |     |     |     |     |     |     |     |     |     |     |     |
-------------------------------------------------------------------------------------------------------
|     |     |     |     |     |     |     |     |     |     |     |     |     |     |     |     |     |
| 187 |     |     | 184 | 183 | 182 | 181 |     |     | 178 | 177 |     | 175 | 174 |     | 172 | 171 |
|     |     |     |     |     |     |     |     |     |     |     |     |     |     |     |     |     |
-------------------------------------------------------------------------------------------------------
|     |     |     |     |     |     |     |     |     |     |     |     |     |     |     |     |     |
| 188 |     | 190 | 191 |     | 193 |     |     | 196 |     | 198 |     | 200 |     |     | 203 | 204 |
|     |     |     |     |     |     |     |     |     |     |     |     |     |     |     |     |     |
-------------------------------------------------------------------------------------------------------
|     |     |     |     |     |     |     |     |     |     |     |     |     |     |     |     |     |
|     |     |     |     |     | 216 |     |     | 213 | 212 |     | 210 |     |     |     |     |     |
|     |     |     |     |     |     |     |     |     |     |     |     |     |     |     |     |     |
-------------------------------------------------------------------------------------------------------
|     |     |     |     |     |     |     |     |     |     |     |     |     |     |     |     |     |
| 222 |     |     |     |     | 227 |     |     |     |     | 232 |     |     | 235 |     | 237 | 238 |
|     |     |     |     |     |     |     |     |     |     |     |     |     |     |     |     |     |
-------------------------------------------------------------------------------------------------------
|     |     |     |     |     |     |     |     |     |     |     |     |     |     |     |     |     |
|     | 254 | 253 |     |     |     | 249 | 248 | 247 |     |     | 244 | 243 |     |     |     |     |
|     |     |     |     |     |     |     |     |     |     |     |     |     |     |     |     |     |
-------------------------------------------------------------------------------------------------------
|     |     |     |     |     |     |     |     |     |     |     |     |     |     |     |     |     |
|     |     |     |     |     | 261 |     | 263 | 264 |     |     |     | 268 |     | 270 | 271 |     |
|     |     |     |     |     |     |     |     |     |     |     |     |     |     |     |     |     |
-------------------------------------------------------------------------------------------------------
|     |     |     |     |     |     |     |     |     |     |     |     |     |     |     |     |     |
| 289 | 288 | 287 |     |     |     | 283 |     | 281 | 280 |     | 278 | 277 | 276 | 275 | 274 | 273 |
|     |     |     |     |     |     |     |     |     |     |     |     |     |     |     |     |     |
-------------------------------------------------------------------------------------------------------
