hidoku with size 17
-------------------------------------------------------------------------------------------------------
|     |     |     |     |     |     |     |     |     |     |     |     |     |     |     |     |     |
|     | 16  |     | 14  |     |     |     |     |     |     | 7   |     |     |     |     |     | 1   |
|     |     |     |     |     |     |     |     |     |     |     |     |     |     |     |     |     |
-------------------------------------------------------------------------------------------------------
|     |     |     |     |     |     |     |     |     |     |     |     |     |     |     |     |     |
| 18  | 19  | 20  |     |     | 23  |     | 25  |     |     | 28  |     | 30  |     |     |     |     |
|     |     |     |     |     |     |     |     |     |     |     |     |     |     |     |     |     |
-------------------------------------------------------------------------------------------------------
|     |     |     |     |     |     |     |     |     |     |     |     |     |     |     |     |     |
|     |     | 49  |     | 47  | 46  |     | 44  |     | 42  |     | 40  |     |     |     | 36  | 34  |
|     |     |     |     |     |     |     |     |     |     |     |     |     |     |     |     |     |
-------------------------------------------------------------------------------------------------------
|     |     |     |     |     |     |     |     |     |     |     |     |     |     |     |     |     |
|     |     | 54  |     | 56  | 57  | 58  |     |     |     |     |     |     |     |     | 67  |     |
|     |     |     |     |     |     |     |     |     |     |     |     |     |     |     |     |     |
-------------------------------------------------------------------------------------------------------
|     |     |     |     |     |     |     |     |     |     |     |     |     |     |     |     |     |
|     | 84  |     | 82  |     |     |     |     |     |     | 75  |     |     | 72  | 71  |     | 69  |
|     |     |     |     |     |     |     |     |     |     |     |     |     |     |     |     |     |
-------------------------------------------------------------------------------------------------------
|     |     |     |     |     |     |     |     |     |     |     |     |     |     |     |     |     |
| 86  | 87  |     | 89  | 90  | 91  | 92  |     | 94  |     | 96  | 97  |     | 99  |     |     |     |
|     |     |     |     |     |     |     |     |     |     |     |     |     |     |     |     |     |
-------------------------------------------------------------------------------------------------------
|     |     |     |     |     |     |     |     |     |     |     |     |     |     |     |     |     |
|     |     |     | 116 | 115 |     |     |     |     |     | 109 | 108 |     |     | 105 |     |     |
|     |     |     |     |     |     |     |     |     |     |     |     |     |     |     |     |     |
-------------------------------------------------------------------------------------------------------
|     |     |     |     |     |     |     |     |     |     |     |     |     |     |     |     |     |
| 120 | 121 | 122 |     | 124 |     |     | 127 | 128 | 129 | 130 | 131 | 132 |     |     |     |     |
|     |     |     |     |     |     |     |     |     |     |     |     |     |     |     |     |     |
-------------------------------------------------------------------------------------------------------
|     |     |     |     |     |     |     |     |     |     |     |     |     |     |     |     |     |
|     |     | 151 |     |     |     |     |     | 145 | 144 |     |     |     |     |     | 138 | 137 |
|     |     |     |     |     |     |     |     |     |     |     |     |     |     |     |     |     |
-------------------------------------------------------------------------------------------------------
|     |     |     |     |     |     |     |     |     |     |     |     |     |     |     |     |     |
|     |     |     | 157 |     | 159 | 160 |     |     |     |     |     | 166 |     |     |     |     |
|     |     |     |     |     |     |     |     |     |     |     |     |     |     |     |     |     |
-------------------------------------------------------------------------------------------------------
|     |     |     |     |     |     |     |     |     |     |     |     |     |     |     |     |     |
| 187 |     | 185 | 184 |     |     | 181 |     |     |     |     |     | 175 | 174 |     |     |     |
|     |     |     |     |     |     |     |     |     |     |     |     |     |     |     |     |     |
-------------------------------------------------------------------------------------------------------
|     |     |     |     |     |     |     |     |     |     |     |     |     |     |     |     |     |
| 188 |     | 190 |     |     | 193 |     |     |     | 197 | 198 | 199 |     |     |     |     |     |
|     |     |     |     |     |     |     |     |     |     |     |     |     |     |     |     |     |
-------------------------------------------------------------------------------------------------------
|     |     |     |     |     |     |     |     |     |     |     |     |     |     |     |     |     |
|     |     |     | 218 | 217 | 216 | 215 |     |     |     | 211 |     | 209 |     | 207 |     |     |
|     |     |     |     |     |     |     |     |     |     |     |     |     |     |     |     |     |
-------------------------------------------------------------------------------------------------------
|     |     |     |     |     |     |     |     |     |     |     |     |     |     |     |     |     |
| 222 | 223 | 224 | 225 |     |     |     |     |     | 231 | 232 | 233 |     |     |     |     |     |
|     |     |     |     |     |     |     |     |     |     |     |     |     |     |     |     |     |
-------------------------------------------------------------------------------------------------------
|     |     |     |     |     |     |     |     |     |     |     |     |     |     |     |     |     |
| 255 |     | 253 |     |     | 250 | 249 |     |     |     |     | 244 | 243 |     | 241 | 240 |     |
|     |     |     |     |     |     |     |     |     |     |     |     |     |     |     |     |     |
-------------------------------------------------------------------------------------------------------
|     |     |     |     |     |     |     |     |     |     |     |     |     |     |     |     |     |
|     |     |     | 259 | 260 | 261 |     | 263 |     | 265 | 266 | 267 | 268 |     | 270 |     |     |
|     |     |     |     |     |     |     |     |     |     |     |     |     |     |     |     |     |
-------------------------------------------------------------------------------------------------------
|     |     |     |     |     |     |     |     |     |     |     |     |     |     |     |     |     |
| 289 |     | 287 |     | 285 | 284 | 283 | 282 |     | 280 |     |     |     |     |     | 274 | 273 |
|     |     |     |     |     |     |     |     |     |     |     |     |     |     |     |     |     |
-------------------------------------------------------------------------------------------------------
