hidoku with size 19
-------------------------------------------------------------------------------------------------------------------
|     |     |     |     |     |     |     |     |     |     |     |     |     |     |     |     |     |     |     |
| 20  |     |     | 16  | 15  | 14  | 13  | 12  |     |     |     |     | 7   |     |     | 4   | 3   | 2   | 1   |
|     |     |     |     |     |     |     |     |     |     |     |     |     |     |     |     |     |     |     |
-------------------------------------------------------------------------------------------------------------------
|     |     |     |     |     |     |     |     |     |     |     |     |     |     |     |     |     |     |     |
| 19  | 21  | 22  |     |     |     |     |     |     |     |     |     |     |     |     |     |     | 37  | 38  |
|     |     |     |     |     |     |     |     |     |     |     |     |     |     |     |     |     |     |     |
-------------------------------------------------------------------------------------------------------------------
|     |     |     |     |     |     |     |     |     |     |     |     |     |     |     |     |     |     |     |
| 57  | 56  | 55  | 54  |     |     | 51  | 50  |     | 48  |     | 46  | 45  |     |     |     |     | 40  |     |
|     |     |     |     |     |     |     |     |     |     |     |     |     |     |     |     |     |     |     |
-------------------------------------------------------------------------------------------------------------------
|     |     |     |     |     |     |     |     |     |     |     |     |     |     |     |     |     |     |     |
|     | 59  | 60  |     |     | 63  | 64  | 65  | 66  | 67  | 68  |     |     |     | 72  | 73  | 74  |     |     |
|     |     |     |     |     |     |     |     |     |     |     |     |     |     |     |     |     |     |     |
-------------------------------------------------------------------------------------------------------------------
|     |     |     |     |     |     |     |     |     |     |     |     |     |     |     |     |     |     |     |
|     |     |     |     |     |     | 89  |     |     | 86  |     | 84  | 83  | 82  |     |     | 79  | 78  |     |
|     |     |     |     |     |     |     |     |     |     |     |     |     |     |     |     |     |     |     |
-------------------------------------------------------------------------------------------------------------------
|     |     |     |     |     |     |     |     |     |     |     |     |     |     |     |     |     |     |     |
| 96  | 97  |     | 99  |     | 101 |     | 103 |     | 105 | 106 |     | 108 |     |     | 111 |     |     |     |
|     |     |     |     |     |     |     |     |     |     |     |     |     |     |     |     |     |     |     |
-------------------------------------------------------------------------------------------------------------------
|     |     |     |     |     |     |     |     |     |     |     |     |     |     |     |     |     |     |     |
|     |     |     |     | 129 |     |     | 126 |     | 124 |     |     |     | 120 | 119 |     | 117 | 116 | 115 |
|     |     |     |     |     |     |     |     |     |     |     |     |     |     |     |     |     |     |     |
-------------------------------------------------------------------------------------------------------------------
|     |     |     |     |     |     |     |     |     |     |     |     |     |     |     |     |     |     |     |
|     |     |     | 137 | 138 |     |     | 141 | 142 |     |     |     |     | 147 | 148 | 149 |     | 151 |     |
|     |     |     |     |     |     |     |     |     |     |     |     |     |     |     |     |     |     |     |
-------------------------------------------------------------------------------------------------------------------
|     |     |     |     |     |     |     |     |     |     |     |     |     |     |     |     |     |     |     |
|     | 170 | 169 |     |     | 166 |     |     |     | 162 | 161 |     |     | 158 | 157 | 156 |     | 154 | 153 |
|     |     |     |     |     |     |     |     |     |     |     |     |     |     |     |     |     |     |     |
-------------------------------------------------------------------------------------------------------------------
|     |     |     |     |     |     |     |     |     |     |     |     |     |     |     |     |     |     |     |
| 172 |     |     | 175 | 176 | 177 |     | 179 |     |     | 182 |     | 184 |     |     |     |     |     | 190 |
|     |     |     |     |     |     |     |     |     |     |     |     |     |     |     |     |     |     |     |
-------------------------------------------------------------------------------------------------------------------
|     |     |     |     |     |     |     |     |     |     |     |     |     |     |     |     |     |     |     |
|     |     | 207 | 206 | 205 |     | 203 | 202 | 201 |     | 199 |     | 197 | 196 |     | 194 |     |     | 191 |
|     |     |     |     |     |     |     |     |     |     |     |     |     |     |     |     |     |     |     |
-------------------------------------------------------------------------------------------------------------------
|     |     |     |     |     |     |     |     |     |     |     |     |     |     |     |     |     |     |     |
|     |     |     |     | 214 | 215 | 216 |     |     |     |     |     |     |     | 224 |     | 226 |     |     |
|     |     |     |     |     |     |     |     |     |     |     |     |     |     |     |     |     |     |     |
-------------------------------------------------------------------------------------------------------------------
|     |     |     |     |     |     |     |     |     |     |     |     |     |     |     |     |     |     |     |
| 247 |     | 245 |     |     | 242 |     | 240 |     |     |     | 236 | 235 |     | 233 | 232 | 231 |     |     |
|     |     |     |     |     |     |     |     |     |     |     |     |     |     |     |     |     |     |     |
-------------------------------------------------------------------------------------------------------------------
|     |     |     |     |     |     |     |     |     |     |     |     |     |     |     |     |     |     |     |
| 248 |     | 250 | 251 | 252 | 253 |     | 255 | 256 | 257 | 258 |     | 260 |     | 262 | 263 |     |     |     |
|     |     |     |     |     |     |     |     |     |     |     |     |     |     |     |     |     |     |     |
-------------------------------------------------------------------------------------------------------------------
|     |     |     |     |     |     |     |     |     |     |     |     |     |     |     |     |     |     |     |
| 285 | 284 | 283 | 282 | 281 | 280 |     | 278 | 277 | 276 | 275 |     | 273 |     |     |     | 269 | 268 |     |
|     |     |     |     |     |     |     |     |     |     |     |     |     |     |     |     |     |     |     |
-------------------------------------------------------------------------------------------------------------------
|     |     |     |     |     |     |     |     |     |     |     |     |     |     |     |     |     |     |     |
|     | 287 |     |     |     |     | 292 |     |     |     |     |     | 298 | 299 | 300 | 301 |     | 303 |     |
|     |     |     |     |     |     |     |     |     |     |     |     |     |     |     |     |     |     |     |
-------------------------------------------------------------------------------------------------------------------
|     |     |     |     |     |     |     |     |     |     |     |     |     |     |     |     |     |     |     |
| 323 | 322 | 321 | 320 |     |     | 317 | 316 | 315 | 314 |     | 312 | 311 | 310 | 309 | 308 |     | 306 | 305 |
|     |     |     |     |     |     |     |     |     |     |     |     |     |     |     |     |     |     |     |
-------------------------------------------------------------------------------------------------------------------
|     |     |     |     |     |     |     |     |     |     |     |     |     |     |     |     |     |     |     |
|     | 325 | 326 | 327 |     |     | 330 |     |     | 333 |     | 335 |     | 337 |     | 339 | 340 |     | 342 |
|     |     |     |     |     |     |     |     |     |     |     |     |     |     |     |     |     |     |     |
-------------------------------------------------------------------------------------------------------------------
|     |     |     |     |     |     |     |     |     |     |     |     |     |     |     |     |     |     |     |
| 361 |     |     | 358 |     | 356 | 355 |     | 353 |     | 351 | 350 | 349 | 348 |     |     | 345 |     | 343 |
|     |     |     |     |     |     |     |     |     |     |     |     |     |     |     |     |     |     |     |
-------------------------------------------------------------------------------------------------------------------
