hidoku with size 18
-------------------------------------------------------------------------------------------------------------
|     |     |     |     |     |     |     |     |     |     |     |     |     |     |     |     |     |     |
|     | 17  | 16  | 15  | 14  | 13  |     |     |     |     | 8   |     |     | 5   | 4   | 3   | 2   | 1   |
|     |     |     |     |     |     |     |     |     |     |     |     |     |     |     |     |     |     |
-------------------------------------------------------------------------------------------------------------
|     |     |     |     |     |     |     |     |     |     |     |     |     |     |     |     |     |     |
| 18  | 20  |     |     |     | 24  | 25  | 26  | 27  | 28  |     | 30  | 31  | 32  | 33  |     | 35  | 36  |
|     |     |     |     |     |     |     |     |     |     |     |     |     |     |     |     |     |     |
-------------------------------------------------------------------------------------------------------------
|     |     |     |     |     |     |     |     |     |     |     |     |     |     |     |     |     |     |
|     |     | 52  | 51  | 50  | 49  | 48  | 47  |     |     | 44  |     | 42  | 41  | 40  |     | 38  | 37  |
|     |     |     |     |     |     |     |     |     |     |     |     |     |     |     |     |     |     |
-------------------------------------------------------------------------------------------------------------
|     |     |     |     |     |     |     |     |     |     |     |     |     |     |     |     |     |     |
| 55  |     |     | 58  |     |     |     | 62  | 63  |     | 65  | 66  |     | 68  |     | 70  |     |     |
|     |     |     |     |     |     |     |     |     |     |     |     |     |     |     |     |     |     |
-------------------------------------------------------------------------------------------------------------
|     |     |     |     |     |     |     |     |     |     |     |     |     |     |     |     |     |     |
|     | 89  |     | 87  |     |     |     |     |     |     | 80  | 79  |     |     | 76  |     | 74  | 73  |
|     |     |     |     |     |     |     |     |     |     |     |     |     |     |     |     |     |     |
-------------------------------------------------------------------------------------------------------------
|     |     |     |     |     |     |     |     |     |     |     |     |     |     |     |     |     |     |
| 91  |     |     | 94  |     | 96  |     | 98  | 99  | 100 |     |     | 103 |     |     |     |     | 108 |
|     |     |     |     |     |     |     |     |     |     |     |     |     |     |     |     |     |     |
-------------------------------------------------------------------------------------------------------------
|     |     |     |     |     |     |     |     |     |     |     |     |     |     |     |     |     |     |
| 126 |     |     | 123 | 122 |     |     |     |     | 117 |     |     |     | 113 | 112 |     |     |     |
|     |     |     |     |     |     |     |     |     |     |     |     |     |     |     |     |     |     |
-------------------------------------------------------------------------------------------------------------
|     |     |     |     |     |     |     |     |     |     |     |     |     |     |     |     |     |     |
|     |     | 129 | 130 |     |     |     |     | 135 | 136 |     | 138 | 139 |     | 141 | 142 |     |     |
|     |     |     |     |     |     |     |     |     |     |     |     |     |     |     |     |     |     |
-------------------------------------------------------------------------------------------------------------
|     |     |     |     |     |     |     |     |     |     |     |     |     |     |     |     |     |     |
| 162 | 161 |     | 159 | 158 |     |     | 155 | 154 | 153 |     | 151 | 150 |     |     |     | 146 |     |
|     |     |     |     |     |     |     |     |     |     |     |     |     |     |     |     |     |     |
-------------------------------------------------------------------------------------------------------------
|     |     |     |     |     |     |     |     |     |     |     |     |     |     |     |     |     |     |
| 163 | 164 |     |     |     | 168 | 169 | 170 |     | 172 |     |     | 175 | 176 |     |     | 179 |     |
|     |     |     |     |     |     |     |     |     |     |     |     |     |     |     |     |     |     |
-------------------------------------------------------------------------------------------------------------
|     |     |     |     |     |     |     |     |     |     |     |     |     |     |     |     |     |     |
| 198 |     |     | 195 |     |     |     | 191 |     | 189 |     |     |     |     |     | 183 |     | 181 |
|     |     |     |     |     |     |     |     |     |     |     |     |     |     |     |     |     |     |
-------------------------------------------------------------------------------------------------------------
|     |     |     |     |     |     |     |     |     |     |     |     |     |     |     |     |     |     |
| 199 |     | 201 | 202 | 203 | 204 |     |     | 207 | 208 | 209 | 210 |     |     | 213 | 214 | 215 | 216 |
|     |     |     |     |     |     |     |     |     |     |     |     |     |     |     |     |     |     |
-------------------------------------------------------------------------------------------------------------
|     |     |     |     |     |     |     |     |     |     |     |     |     |     |     |     |     |     |
| 234 |     | 232 |     | 230 | 229 |     |     |     |     | 224 | 223 | 222 | 221 |     | 219 |     |     |
|     |     |     |     |     |     |     |     |     |     |     |     |     |     |     |     |     |     |
-------------------------------------------------------------------------------------------------------------
|     |     |     |     |     |     |     |     |     |     |     |     |     |     |     |     |     |     |
|     | 236 |     |     |     |     |     |     | 243 | 244 |     | 246 |     | 248 | 249 | 250 |     |     |
|     |     |     |     |     |     |     |     |     |     |     |     |     |     |     |     |     |     |
-------------------------------------------------------------------------------------------------------------
|     |     |     |     |     |     |     |     |     |     |     |     |     |     |     |     |     |     |
| 270 | 269 | 268 |     | 266 |     |     |     | 262 |     | 260 |     | 258 |     |     |     | 254 |     |
|     |     |     |     |     |     |     |     |     |     |     |     |     |     |     |     |     |     |
-------------------------------------------------------------------------------------------------------------
|     |     |     |     |     |     |     |     |     |     |     |     |     |     |     |     |     |     |
|     |     |     |     | 275 | 276 | 277 | 278 | 279 |     | 281 |     |     |     |     |     | 287 | 288 |
|     |     |     |     |     |     |     |     |     |     |     |     |     |     |     |     |     |     |
-------------------------------------------------------------------------------------------------------------
|     |     |     |     |     |     |     |     |     |     |     |     |     |     |     |     |     |     |
| 306 |     |     |     | 302 |     |     | 299 | 298 | 297 | 296 |     | 294 | 293 |     | 291 | 290 | 289 |
|     |     |     |     |     |     |     |     |     |     |     |     |     |     |     |     |     |     |
-------------------------------------------------------------------------------------------------------------
|     |     |     |     |     |     |     |     |     |     |     |     |     |     |     |     |     |     |
|     | 308 |     |     | 311 |     | 313 |     | 315 | 316 |     |     | 319 | 320 |     |     | 323 | 324 |
|     |     |     |     |     |     |     |     |     |     |     |     |     |     |     |     |     |     |
-------------------------------------------------------------------------------------------------------------
