hidoku with size 13
-------------------------------------------------------------------------------
|     |     |     |     |     |     |     |     |     |     |     |     |     |
|     |     |     |     | 9   |     | 7   | 6   | 5   |     | 3   |     | 1   |
|     |     |     |     |     |     |     |     |     |     |     |     |     |
-------------------------------------------------------------------------------
|     |     |     |     |     |     |     |     |     |     |     |     |     |
| 13  |     |     |     |     |     |     |     | 22  |     |     | 25  | 26  |
|     |     |     |     |     |     |     |     |     |     |     |     |     |
-------------------------------------------------------------------------------
|     |     |     |     |     |     |     |     |     |     |     |     |     |
|     | 38  |     | 36  | 35  | 34  | 33  |     |     |     |     |     |     |
|     |     |     |     |     |     |     |     |     |     |     |     |     |
-------------------------------------------------------------------------------
|     |     |     |     |     |     |     |     |     |     |     |     |     |
|     |     | 42  | 43  |     |     |     | 47  |     |     | 50  | 51  |     |
|     |     |     |     |     |     |     |     |     |     |     |     |     |
-------------------------------------------------------------------------------
|     |     |     |     |     |     |     |     |     |     |     |     |     |
| 65  |     | 63  | 62  |     |     |     |     |     |     |     | 54  |     |
|     |     |     |     |     |     |     |     |     |     |     |     |     |
-------------------------------------------------------------------------------
|     |     |     |     |     |     |     |     |     |     |     |     |     |
|     | 67  | 68  |     |     |     | 72  |     |     |     |     | 77  | 78  |
|     |     |     |     |     |     |     |     |     |     |     |     |     |
-------------------------------------------------------------------------------
|     |     |     |     |     |     |     |     |     |     |     |     |     |
| 91  |     |     |     |     |     |     | 84  |     |     | 81  |     | 79  |
|     |     |     |     |     |     |     |     |     |     |     |     |     |
-------------------------------------------------------------------------------
|     |     |     |     |     |     |     |     |     |     |     |     |     |
|     |     |     | 95  |     | 97  |     |     |     |     |     |     |     |
|     |     |     |     |     |     |     |     |     |     |     |     |     |
-------------------------------------------------------------------------------
|     |     |     |     |     |     |     |     |     |     |     |     |     |
|     | 116 |     |     |     |     | 111 | 110 |     |     |     | 106 |     |
|     |     |     |     |     |     |     |     |     |     |     |     |     |
-------------------------------------------------------------------------------
|     |     |     |     |     |     |     |     |     |     |     |     |     |
| 118 |     |     |     |     |     |     |     |     |     |     | 129 |     |
|     |     |     |     |     |     |     |     |     |     |     |     |     |
-------------------------------------------------------------------------------
|     |     |     |     |     |     |     |     |     |     |     |     |     |
|     |     |     | 140 |     | 138 |     | 136 |     |     |     |     |     |
|     |     |     |     |     |     |     |     |     |     |     |     |     |
-------------------------------------------------------------------------------
|     |     |     |     |     |     |     |     |     |     |     |     |     |
|     | 145 | 146 |     | 148 |     |     | 151 |     |     |     |     |     |
|     |     |     |     |     |     |     |     |     |     |     |     |     |
-------------------------------------------------------------------------------
|     |     |     |     |     |     |     |     |     |     |     |     |     |
| 169 | 168 |     |     |     |     |     |     |     |     |     |     | 157 |
|     |     |     |     |     |     |     |     |     |     |     |     |     |
-------------------------------------------------------------------------------
