hidoku with size 13
-------------------------------------------------------------------------------
|     |     |     |     |     |     |     |     |     |     |     |     |     |
|     |     | 11  |     |     |     |     | 6   |     |     | 3   |     | 1   |
|     |     |     |     |     |     |     |     |     |     |     |     |     |
-------------------------------------------------------------------------------
|     |     |     |     |     |     |     |     |     |     |     |     |     |
|     |     |     |     |     | 19  |     |     |     |     | 24  | 25  |     |
|     |     |     |     |     |     |     |     |     |     |     |     |     |
-------------------------------------------------------------------------------
|     |     |     |     |     |     |     |     |     |     |     |     |     |
|     |     |     |     |     |     |     | 32  |     |     |     | 28  |     |
|     |     |     |     |     |     |     |     |     |     |     |     |     |
-------------------------------------------------------------------------------
|     |     |     |     |     |     |     |     |     |     |     |     |     |
|     |     |     |     |     | 45  |     |     |     |     |     | 51  | 52  |
|     |     |     |     |     |     |     |     |     |     |     |     |     |
-------------------------------------------------------------------------------
|     |     |     |     |     |     |     |     |     |     |     |     |     |
|     | 64  |     |     |     |     | 59  |     |     | 56  |     |     |     |
|     |     |     |     |     |     |     |     |     |     |     |     |     |
-------------------------------------------------------------------------------
|     |     |     |     |     |     |     |     |     |     |     |     |     |
|     |     |     |     | 70  |     |     | 73  |     |     |     |     |     |
|     |     |     |     |     |     |     |     |     |     |     |     |     |
-------------------------------------------------------------------------------
|     |     |     |     |     |     |     |     |     |     |     |     |     |
|     |     |     |     |     | 86  |     |     |     | 82  | 81  |     |     |
|     |     |     |     |     |     |     |     |     |     |     |     |     |
-------------------------------------------------------------------------------
|     |     |     |     |     |     |     |     |     |     |     |     |     |
|     | 93  | 94  |     |     | 97  |     | 99  |     |     |     |     |     |
|     |     |     |     |     |     |     |     |     |     |     |     |     |
-------------------------------------------------------------------------------
|     |     |     |     |     |     |     |     |     |     |     |     |     |
|     | 116 |     |     | 113 |     |     |     |     |     |     |     | 105 |
|     |     |     |     |     |     |     |     |     |     |     |     |     |
-------------------------------------------------------------------------------
|     |     |     |     |     |     |     |     |     |     |     |     |     |
|     |     | 120 |     |     |     |     |     |     |     |     | 129 |     |
|     |     |     |     |     |     |     |     |     |     |     |     |     |
-------------------------------------------------------------------------------
|     |     |     |     |     |     |     |     |     |     |     |     |     |
|     |     |     |     |     |     |     |     |     |     | 133 |     | 131 |
|     |     |     |     |     |     |     |     |     |     |     |     |     |
-------------------------------------------------------------------------------
|     |     |     |     |     |     |     |     |     |     |     |     |     |
|     | 145 |     |     | 148 | 149 | 150 |     |     |     |     | 155 |     |
|     |     |     |     |     |     |     |     |     |     |     |     |     |
-------------------------------------------------------------------------------
|     |     |     |     |     |     |     |     |     |     |     |     |     |
| 169 |     |     | 166 |     |     |     |     |     | 160 |     |     | 157 |
|     |     |     |     |     |     |     |     |     |     |     |     |     |
-------------------------------------------------------------------------------
