hidoku with size 19
-------------------------------------------------------------------------------------------------------------------
|     |     |     |     |     |     |     |     |     |     |     |     |     |     |     |     |     |     |     |
| 20  |     | 17  |     | 15  |     |     | 12  |     |     |     |     |     |     | 5   | 4   |     | 2   | 1   |
|     |     |     |     |     |     |     |     |     |     |     |     |     |     |     |     |     |     |     |
-------------------------------------------------------------------------------------------------------------------
|     |     |     |     |     |     |     |     |     |     |     |     |     |     |     |     |     |     |     |
|     | 21  |     | 23  | 24  | 25  | 26  | 27  | 28  |     |     |     |     |     |     | 35  | 36  |     |     |
|     |     |     |     |     |     |     |     |     |     |     |     |     |     |     |     |     |     |     |
-------------------------------------------------------------------------------------------------------------------
|     |     |     |     |     |     |     |     |     |     |     |     |     |     |     |     |     |     |     |
|     | 56  |     |     |     |     | 51  |     | 49  | 48  |     |     | 45  |     | 43  |     | 41  |     |     |
|     |     |     |     |     |     |     |     |     |     |     |     |     |     |     |     |     |     |     |
-------------------------------------------------------------------------------------------------------------------
|     |     |     |     |     |     |     |     |     |     |     |     |     |     |     |     |     |     |     |
|     |     | 60  |     |     | 63  |     |     | 66  |     | 68  | 69  |     |     | 72  | 73  | 74  | 75  | 76  |
|     |     |     |     |     |     |     |     |     |     |     |     |     |     |     |     |     |     |     |
-------------------------------------------------------------------------------------------------------------------
|     |     |     |     |     |     |     |     |     |     |     |     |     |     |     |     |     |     |     |
| 95  | 94  |     | 92  | 91  | 90  |     | 88  | 87  |     |     | 84  |     |     |     |     |     |     |     |
|     |     |     |     |     |     |     |     |     |     |     |     |     |     |     |     |     |     |     |
-------------------------------------------------------------------------------------------------------------------
|     |     |     |     |     |     |     |     |     |     |     |     |     |     |     |     |     |     |     |
|     |     |     |     |     |     |     | 103 |     | 105 |     |     |     |     |     | 111 |     |     | 114 |
|     |     |     |     |     |     |     |     |     |     |     |     |     |     |     |     |     |     |     |
-------------------------------------------------------------------------------------------------------------------
|     |     |     |     |     |     |     |     |     |     |     |     |     |     |     |     |     |     |     |
|     |     |     |     |     |     |     | 126 |     |     | 123 | 122 | 121 |     |     | 118 |     | 116 |     |
|     |     |     |     |     |     |     |     |     |     |     |     |     |     |     |     |     |     |     |
-------------------------------------------------------------------------------------------------------------------
|     |     |     |     |     |     |     |     |     |     |     |     |     |     |     |     |     |     |     |
|     |     | 136 |     |     | 139 |     |     | 142 |     |     | 145 | 146 |     | 148 |     |     |     | 152 |
|     |     |     |     |     |     |     |     |     |     |     |     |     |     |     |     |     |     |     |
-------------------------------------------------------------------------------------------------------------------
|     |     |     |     |     |     |     |     |     |     |     |     |     |     |     |     |     |     |     |
| 171 |     |     |     |     | 166 | 165 | 164 |     | 162 | 161 | 160 |     |     | 157 |     |     | 154 |     |
|     |     |     |     |     |     |     |     |     |     |     |     |     |     |     |     |     |     |     |
-------------------------------------------------------------------------------------------------------------------
|     |     |     |     |     |     |     |     |     |     |     |     |     |     |     |     |     |     |     |
| 172 | 173 | 174 |     | 176 |     | 178 |     |     |     | 182 | 183 | 184 | 185 |     |     | 188 |     | 190 |
|     |     |     |     |     |     |     |     |     |     |     |     |     |     |     |     |     |     |     |
-------------------------------------------------------------------------------------------------------------------
|     |     |     |     |     |     |     |     |     |     |     |     |     |     |     |     |     |     |     |
| 209 |     | 207 |     |     | 204 |     | 202 |     | 200 |     |     |     | 196 | 195 | 194 |     | 192 |     |
|     |     |     |     |     |     |     |     |     |     |     |     |     |     |     |     |     |     |     |
-------------------------------------------------------------------------------------------------------------------
|     |     |     |     |     |     |     |     |     |     |     |     |     |     |     |     |     |     |     |
|     | 211 |     |     | 214 |     |     |     |     | 219 |     | 221 |     |     |     |     |     | 227 | 228 |
|     |     |     |     |     |     |     |     |     |     |     |     |     |     |     |     |     |     |     |
-------------------------------------------------------------------------------------------------------------------
|     |     |     |     |     |     |     |     |     |     |     |     |     |     |     |     |     |     |     |
|     |     | 245 |     |     |     |     |     |     |     | 237 | 236 | 235 | 234 |     | 232 | 231 |     |     |
|     |     |     |     |     |     |     |     |     |     |     |     |     |     |     |     |     |     |     |
-------------------------------------------------------------------------------------------------------------------
|     |     |     |     |     |     |     |     |     |     |     |     |     |     |     |     |     |     |     |
| 248 |     |     |     |     | 253 |     | 255 |     |     |     |     |     | 261 |     | 263 |     |     |     |
|     |     |     |     |     |     |     |     |     |     |     |     |     |     |     |     |     |     |     |
-------------------------------------------------------------------------------------------------------------------
|     |     |     |     |     |     |     |     |     |     |     |     |     |     |     |     |     |     |     |
| 285 | 284 |     |     |     | 280 |     |     |     | 276 | 275 | 274 | 273 | 272 | 271 |     |     |     |     |
|     |     |     |     |     |     |     |     |     |     |     |     |     |     |     |     |     |     |     |
-------------------------------------------------------------------------------------------------------------------
|     |     |     |     |     |     |     |     |     |     |     |     |     |     |     |     |     |     |     |
|     |     |     | 289 | 290 |     | 292 |     | 294 |     | 296 |     |     | 299 |     |     | 302 | 303 |     |
|     |     |     |     |     |     |     |     |     |     |     |     |     |     |     |     |     |     |     |
-------------------------------------------------------------------------------------------------------------------
|     |     |     |     |     |     |     |     |     |     |     |     |     |     |     |     |     |     |     |
|     |     |     | 320 |     |     |     |     |     |     |     | 312 | 311 |     | 309 |     | 307 | 306 | 305 |
|     |     |     |     |     |     |     |     |     |     |     |     |     |     |     |     |     |     |     |
-------------------------------------------------------------------------------------------------------------------
|     |     |     |     |     |     |     |     |     |     |     |     |     |     |     |     |     |     |     |
| 324 |     |     | 327 | 328 |     | 330 |     | 332 | 333 | 334 |     |     |     |     |     |     | 341 |     |
|     |     |     |     |     |     |     |     |     |     |     |     |     |     |     |     |     |     |     |
-------------------------------------------------------------------------------------------------------------------
|     |     |     |     |     |     |     |     |     |     |     |     |     |     |     |     |     |     |     |
| 361 |     | 359 | 358 |     |     |     |     |     |     |     |     | 349 |     |     | 346 | 345 |     |     |
|     |     |     |     |     |     |     |     |     |     |     |     |     |     |     |     |     |     |     |
-------------------------------------------------------------------------------------------------------------------
