hidoku with size 17
-------------------------------------------------------------------------------------------------------
|     |     |     |     |     |     |     |     |     |     |     |     |     |     |     |     |     |
| 17  | 16  |     |     | 13  |     |     | 10  |     |     |     |     |     |     | 3   |     | 1   |
|     |     |     |     |     |     |     |     |     |     |     |     |     |     |     |     |     |
-------------------------------------------------------------------------------------------------------
|     |     |     |     |     |     |     |     |     |     |     |     |     |     |     |     |     |
|     |     |     |     | 22  | 23  |     | 25  |     |     |     |     |     | 31  |     |     |     |
|     |     |     |     |     |     |     |     |     |     |     |     |     |     |     |     |     |
-------------------------------------------------------------------------------------------------------
|     |     |     |     |     |     |     |     |     |     |     |     |     |     |     |     |     |
|     |     | 49  |     |     |     |     |     |     |     |     |     | 39  |     |     | 36  | 34  |
|     |     |     |     |     |     |     |     |     |     |     |     |     |     |     |     |     |
-------------------------------------------------------------------------------------------------------
|     |     |     |     |     |     |     |     |     |     |     |     |     |     |     |     |     |
|     |     | 54  |     |     |     |     |     |     |     |     |     | 64  |     | 66  | 67  | 68  |
|     |     |     |     |     |     |     |     |     |     |     |     |     |     |     |     |     |
-------------------------------------------------------------------------------------------------------
|     |     |     |     |     |     |     |     |     |     |     |     |     |     |     |     |     |
| 85  |     | 83  | 82  |     | 80  |     |     |     |     |     |     |     |     | 71  |     | 69  |
|     |     |     |     |     |     |     |     |     |     |     |     |     |     |     |     |     |
-------------------------------------------------------------------------------------------------------
|     |     |     |     |     |     |     |     |     |     |     |     |     |     |     |     |     |
|     | 87  | 88  |     |     | 91  |     |     | 94  |     | 96  |     | 98  |     |     | 101 |     |
|     |     |     |     |     |     |     |     |     |     |     |     |     |     |     |     |     |
-------------------------------------------------------------------------------------------------------
|     |     |     |     |     |     |     |     |     |     |     |     |     |     |     |     |     |
|     |     | 117 | 116 |     | 114 | 113 |     |     | 110 | 109 |     | 107 |     | 105 |     |     |
|     |     |     |     |     |     |     |     |     |     |     |     |     |     |     |     |     |
-------------------------------------------------------------------------------------------------------
|     |     |     |     |     |     |     |     |     |     |     |     |     |     |     |     |     |
|     |     |     |     |     | 125 |     |     |     |     |     |     |     |     | 134 |     | 136 |
|     |     |     |     |     |     |     |     |     |     |     |     |     |     |     |     |     |
-------------------------------------------------------------------------------------------------------
|     |     |     |     |     |     |     |     |     |     |     |     |     |     |     |     |     |
| 153 |     | 151 |     |     | 148 |     |     | 145 | 144 |     | 142 |     | 140 |     |     |     |
|     |     |     |     |     |     |     |     |     |     |     |     |     |     |     |     |     |
-------------------------------------------------------------------------------------------------------
|     |     |     |     |     |     |     |     |     |     |     |     |     |     |     |     |     |
| 154 |     |     |     |     |     | 160 | 161 |     |     |     |     |     |     |     | 169 |     |
|     |     |     |     |     |     |     |     |     |     |     |     |     |     |     |     |     |
-------------------------------------------------------------------------------------------------------
|     |     |     |     |     |     |     |     |     |     |     |     |     |     |     |     |     |
|     |     |     |     | 183 |     | 181 | 180 | 179 |     |     |     |     |     |     |     | 171 |
|     |     |     |     |     |     |     |     |     |     |     |     |     |     |     |     |     |
-------------------------------------------------------------------------------------------------------
|     |     |     |     |     |     |     |     |     |     |     |     |     |     |     |     |     |
| 188 |     | 190 |     |     | 193 |     | 195 |     |     |     | 199 |     |     | 202 | 203 | 204 |
|     |     |     |     |     |     |     |     |     |     |     |     |     |     |     |     |     |
-------------------------------------------------------------------------------------------------------
|     |     |     |     |     |     |     |     |     |     |     |     |     |     |     |     |     |
|     |     |     | 218 | 217 |     | 215 |     |     |     |     |     |     |     |     |     | 205 |
|     |     |     |     |     |     |     |     |     |     |     |     |     |     |     |     |     |
-------------------------------------------------------------------------------------------------------
|     |     |     |     |     |     |     |     |     |     |     |     |     |     |     |     |     |
|     |     | 224 | 225 | 226 |     |     |     |     | 231 |     |     |     |     |     | 237 |     |
|     |     |     |     |     |     |     |     |     |     |     |     |     |     |     |     |     |
-------------------------------------------------------------------------------------------------------
|     |     |     |     |     |     |     |     |     |     |     |     |     |     |     |     |     |
| 255 | 254 | 253 |     |     |     |     |     |     |     |     |     |     |     | 241 | 240 |     |
|     |     |     |     |     |     |     |     |     |     |     |     |     |     |     |     |     |
-------------------------------------------------------------------------------------------------------
|     |     |     |     |     |     |     |     |     |     |     |     |     |     |     |     |     |
|     |     | 258 |     |     |     | 262 |     |     |     |     |     | 268 |     |     |     |     |
|     |     |     |     |     |     |     |     |     |     |     |     |     |     |     |     |     |
-------------------------------------------------------------------------------------------------------
|     |     |     |     |     |     |     |     |     |     |     |     |     |     |     |     |     |
| 289 |     | 287 | 286 |     |     | 283 |     |     |     |     |     |     |     | 275 | 274 | 273 |
|     |     |     |     |     |     |     |     |     |     |     |     |     |     |     |     |     |
-------------------------------------------------------------------------------------------------------
