hidoku with size 16
-------------------------------------------------------------------------------------------------
|     |     |     |     |     |     |     |     |     |     |     |     |     |     |     |     |
|     | 15  |     |     |     | 11  |     | 9   | 8   | 7   |     |     |     | 3   | 2   | 1   |
|     |     |     |     |     |     |     |     |     |     |     |     |     |     |     |     |
-------------------------------------------------------------------------------------------------
|     |     |     |     |     |     |     |     |     |     |     |     |     |     |     |     |
| 17  | 18  | 19  | 20  |     | 22  |     |     | 25  |     |     | 28  |     | 30  |     | 32  |
|     |     |     |     |     |     |     |     |     |     |     |     |     |     |     |     |
-------------------------------------------------------------------------------------------------
|     |     |     |     |     |     |     |     |     |     |     |     |     |     |     |     |
|     |     |     | 45  |     |     |     | 41  |     | 39  |     | 37  | 36  |     |     |     |
|     |     |     |     |     |     |     |     |     |     |     |     |     |     |     |     |
-------------------------------------------------------------------------------------------------
|     |     |     |     |     |     |     |     |     |     |     |     |     |     |     |     |
|     |     | 51  |     |     | 54  | 55  | 56  | 57  | 58  |     |     |     |     | 63  | 64  |
|     |     |     |     |     |     |     |     |     |     |     |     |     |     |     |     |
-------------------------------------------------------------------------------------------------
|     |     |     |     |     |     |     |     |     |     |     |     |     |     |     |     |
| 80  |     | 78  | 77  |     |     | 74  |     | 72  |     |     | 69  | 68  |     | 66  | 65  |
|     |     |     |     |     |     |     |     |     |     |     |     |     |     |     |     |
-------------------------------------------------------------------------------------------------
|     |     |     |     |     |     |     |     |     |     |     |     |     |     |     |     |
| 81  |     |     | 84  |     |     | 87  |     | 89  |     |     |     | 93  |     |     |     |
|     |     |     |     |     |     |     |     |     |     |     |     |     |     |     |     |
-------------------------------------------------------------------------------------------------
|     |     |     |     |     |     |     |     |     |     |     |     |     |     |     |     |
| 112 |     | 110 | 109 | 108 | 107 | 106 | 105 |     | 103 | 102 | 101 | 100 |     |     |     |
|     |     |     |     |     |     |     |     |     |     |     |     |     |     |     |     |
-------------------------------------------------------------------------------------------------
|     |     |     |     |     |     |     |     |     |     |     |     |     |     |     |     |
| 113 | 114 | 115 |     | 117 |     | 119 |     |     | 122 | 123 |     |     |     |     | 128 |
|     |     |     |     |     |     |     |     |     |     |     |     |     |     |     |     |
-------------------------------------------------------------------------------------------------
|     |     |     |     |     |     |     |     |     |     |     |     |     |     |     |     |
|     |     | 142 |     |     |     | 138 |     | 136 | 135 |     |     | 132 |     |     |     |
|     |     |     |     |     |     |     |     |     |     |     |     |     |     |     |     |
-------------------------------------------------------------------------------------------------
|     |     |     |     |     |     |     |     |     |     |     |     |     |     |     |     |
|     |     | 147 | 148 |     |     |     |     | 153 |     |     | 156 |     | 158 |     | 160 |
|     |     |     |     |     |     |     |     |     |     |     |     |     |     |     |     |
-------------------------------------------------------------------------------------------------
|     |     |     |     |     |     |     |     |     |     |     |     |     |     |     |     |
| 176 |     | 174 |     |     |     |     |     | 168 | 167 | 166 |     |     | 163 | 162 |     |
|     |     |     |     |     |     |     |     |     |     |     |     |     |     |     |     |
-------------------------------------------------------------------------------------------------
|     |     |     |     |     |     |     |     |     |     |     |     |     |     |     |     |
| 177 | 178 |     | 180 |     | 182 | 183 | 184 | 185 | 186 | 187 | 188 |     | 190 |     | 192 |
|     |     |     |     |     |     |     |     |     |     |     |     |     |     |     |     |
-------------------------------------------------------------------------------------------------
|     |     |     |     |     |     |     |     |     |     |     |     |     |     |     |     |
|     | 207 |     |     |     | 203 | 202 | 201 | 200 | 199 |     | 197 |     | 195 | 194 | 193 |
|     |     |     |     |     |     |     |     |     |     |     |     |     |     |     |     |
-------------------------------------------------------------------------------------------------
|     |     |     |     |     |     |     |     |     |     |     |     |     |     |     |     |
|     |     | 211 | 212 | 213 |     |     | 216 | 217 | 218 | 219 | 220 | 221 | 222 | 223 |     |
|     |     |     |     |     |     |     |     |     |     |     |     |     |     |     |     |
-------------------------------------------------------------------------------------------------
|     |     |     |     |     |     |     |     |     |     |     |     |     |     |     |     |
| 240 |     |     |     | 236 |     | 234 |     | 232 |     |     | 229 |     |     |     |     |
|     |     |     |     |     |     |     |     |     |     |     |     |     |     |     |     |
-------------------------------------------------------------------------------------------------
|     |     |     |     |     |     |     |     |     |     |     |     |     |     |     |     |
| 241 | 242 | 243 | 244 |     |     | 247 |     | 249 |     |     | 252 |     |     |     | 256 |
|     |     |     |     |     |     |     |     |     |     |     |     |     |     |     |     |
-------------------------------------------------------------------------------------------------
