hidoku with size 18
-------------------------------------------------------------------------------------------------------------
|     |     |     |     |     |     |     |     |     |     |     |     |     |     |     |     |     |     |
| 19  |     |     |     |     |     |     |     |     |     |     | 7   |     | 5   | 4   |     |     | 1   |
|     |     |     |     |     |     |     |     |     |     |     |     |     |     |     |     |     |     |
-------------------------------------------------------------------------------------------------------------
|     |     |     |     |     |     |     |     |     |     |     |     |     |     |     |     |     |     |
|     |     |     |     |     |     | 25  |     |     | 28  |     | 30  | 31  |     | 33  |     | 35  | 36  |
|     |     |     |     |     |     |     |     |     |     |     |     |     |     |     |     |     |     |
-------------------------------------------------------------------------------------------------------------
|     |     |     |     |     |     |     |     |     |     |     |     |     |     |     |     |     |     |
|     |     |     |     | 50  | 49  |     |     |     | 45  | 44  | 43  | 42  | 41  |     | 39  | 38  | 37  |
|     |     |     |     |     |     |     |     |     |     |     |     |     |     |     |     |     |     |
-------------------------------------------------------------------------------------------------------------
|     |     |     |     |     |     |     |     |     |     |     |     |     |     |     |     |     |     |
|     |     | 57  | 58  | 59  |     | 61  | 62  |     |     |     |     | 67  | 68  |     |     |     | 72  |
|     |     |     |     |     |     |     |     |     |     |     |     |     |     |     |     |     |     |
-------------------------------------------------------------------------------------------------------------
|     |     |     |     |     |     |     |     |     |     |     |     |     |     |     |     |     |     |
|     |     | 88  | 87  | 86  |     |     |     | 82  | 81  |     | 79  |     |     | 76  | 75  |     |     |
|     |     |     |     |     |     |     |     |     |     |     |     |     |     |     |     |     |     |
-------------------------------------------------------------------------------------------------------------
|     |     |     |     |     |     |     |     |     |     |     |     |     |     |     |     |     |     |
|     |     |     |     |     |     |     |     | 99  | 100 | 101 |     |     |     | 105 |     | 107 |     |
|     |     |     |     |     |     |     |     |     |     |     |     |     |     |     |     |     |     |
-------------------------------------------------------------------------------------------------------------
|     |     |     |     |     |     |     |     |     |     |     |     |     |     |     |     |     |     |
|     | 125 | 124 |     | 122 | 121 |     | 119 |     | 117 |     | 115 | 114 | 113 |     | 111 | 110 |     |
|     |     |     |     |     |     |     |     |     |     |     |     |     |     |     |     |     |     |
-------------------------------------------------------------------------------------------------------------
|     |     |     |     |     |     |     |     |     |     |     |     |     |     |     |     |     |     |
| 127 | 128 |     |     |     | 132 |     | 134 | 135 | 136 |     | 138 |     |     |     |     | 143 | 144 |
|     |     |     |     |     |     |     |     |     |     |     |     |     |     |     |     |     |     |
-------------------------------------------------------------------------------------------------------------
|     |     |     |     |     |     |     |     |     |     |     |     |     |     |     |     |     |     |
|     |     | 160 |     | 158 |     | 156 |     | 154 |     | 152 | 151 | 150 | 149 | 148 |     | 146 | 145 |
|     |     |     |     |     |     |     |     |     |     |     |     |     |     |     |     |     |     |
-------------------------------------------------------------------------------------------------------------
|     |     |     |     |     |     |     |     |     |     |     |     |     |     |     |     |     |     |
|     | 164 |     |     | 167 | 168 | 169 |     |     | 172 |     |     |     |     | 177 | 178 |     | 180 |
|     |     |     |     |     |     |     |     |     |     |     |     |     |     |     |     |     |     |
-------------------------------------------------------------------------------------------------------------
|     |     |     |     |     |     |     |     |     |     |     |     |     |     |     |     |     |     |
| 198 | 197 | 196 |     |     |     | 192 |     | 190 | 189 | 188 |     | 186 | 185 |     | 183 |     | 181 |
|     |     |     |     |     |     |     |     |     |     |     |     |     |     |     |     |     |     |
-------------------------------------------------------------------------------------------------------------
|     |     |     |     |     |     |     |     |     |     |     |     |     |     |     |     |     |     |
| 199 | 200 |     |     | 203 | 204 |     |     | 207 |     | 209 | 210 |     | 212 |     | 214 | 215 |     |
|     |     |     |     |     |     |     |     |     |     |     |     |     |     |     |     |     |     |
-------------------------------------------------------------------------------------------------------------
|     |     |     |     |     |     |     |     |     |     |     |     |     |     |     |     |     |     |
| 234 |     | 232 | 231 |     |     | 228 | 227 |     |     |     |     | 222 |     |     | 219 |     |     |
|     |     |     |     |     |     |     |     |     |     |     |     |     |     |     |     |     |     |
-------------------------------------------------------------------------------------------------------------
|     |     |     |     |     |     |     |     |     |     |     |     |     |     |     |     |     |     |
| 235 | 236 | 237 |     |     |     | 241 |     |     |     | 245 |     |     | 248 | 249 | 250 |     |     |
|     |     |     |     |     |     |     |     |     |     |     |     |     |     |     |     |     |     |
-------------------------------------------------------------------------------------------------------------
|     |     |     |     |     |     |     |     |     |     |     |     |     |     |     |     |     |     |
|     |     |     | 267 |     |     |     |     |     | 261 |     | 259 | 258 |     | 256 | 255 |     | 253 |
|     |     |     |     |     |     |     |     |     |     |     |     |     |     |     |     |     |     |
-------------------------------------------------------------------------------------------------------------
|     |     |     |     |     |     |     |     |     |     |     |     |     |     |     |     |     |     |
| 271 |     |     | 274 |     |     |     | 278 |     |     | 281 |     | 283 | 284 |     | 286 | 287 |     |
|     |     |     |     |     |     |     |     |     |     |     |     |     |     |     |     |     |     |
-------------------------------------------------------------------------------------------------------------
|     |     |     |     |     |     |     |     |     |     |     |     |     |     |     |     |     |     |
|     |     | 304 |     |     |     |     |     |     |     |     | 295 |     |     |     |     | 290 | 289 |
|     |     |     |     |     |     |     |     |     |     |     |     |     |     |     |     |     |     |
-------------------------------------------------------------------------------------------------------------
|     |     |     |     |     |     |     |     |     |     |     |     |     |     |     |     |     |     |
| 307 | 308 | 309 | 310 | 311 |     |     | 314 |     | 316 | 317 |     | 319 | 320 |     |     |     | 324 |
|     |     |     |     |     |     |     |     |     |     |     |     |     |     |     |     |     |     |
-------------------------------------------------------------------------------------------------------------
